0.200000
4.205067
3.775490
3.709675
3.768707
3.974459
4.175541
4.056676
4.463217
4.283027
4.594707
4.932045
5.253769
5.403816
5.596642
5.632656
5.662605
5.565765
5.313881
5.065746
4.609009
4.421618
4.452341
4.435215
3.948927
4.098531
4.148401
3.419718
3.213263
3.150311
3.194332
3.262779
3.594547
2.245922
2.254372
2.568417
2.903169
3.277393
3.555513
3.532284
3.684509
3.620760
3.466984
3.087637
2.684405
2.262622
1.888271
1.630125
1.516499
1.600506
1.839109
2.081656
2.542603
2.753545
2.942942
3.167361
3.733717
3.360847
3.392588
2.666479
2.353548
2.107741
1.928705
1.771460
1.953682
1.779134
1.982488
2.391219
2.735687
2.922904
2.792693
2.615807
2.124452
1.950507
1.664626
1.572740
1.767276
2.162151
2.660444
2.981848
3.121218
2.995836
2.663920
2.336838
1.845239
1.726855
1.655209
1.670631
2.324511
2.666423
2.973292
3.011437
2.800434
2.409098
2.001341
1.598899
1.653715
1.865587
2.174757
2.617434
2.777922
2.596779
2.173054
1.946887
1.706572
1.869053
2.278498
2.696604
2.853367
2.647264
2.180937
1.709394
1.524836
1.775405
2.125573
2.392540
2.613741
2.417699
2.213175
1.782042
1.047722
1.598802
2.020324
2.950823
3.067823
2.860919
2.398722
1.840611
1.761316
2.077413
2.477604
2.791696
2.664736
2.202836
1.915914
1.904674
2.419006
2.669381
2.736843
2.369506
1.928019
1.783964
2.103470
2.589245
2.793227
2.548578
2.151366
1.921785
2.030631
2.318298
2.682703
2.804412
2.100287
1.573946
1.462169
2.374389
2.922270
3.040122
2.758093
2.152788
2.002626
1.801402
2.217218
2.314224
1.941721
1.533987
1.675899
1.904561
2.286446
2.043813
1.659252
1.544323
1.970657
2.404673
2.330729
1.821931
1.591810
1.891398
2.238925
2.283229
1.873017
1.622511
1.646116
2.037971
2.901277
2.185816
1.546794
1.427216
2.087049
2.535524
2.499061
1.928130
1.723391
1.725032
2.164800
2.012976
1.638769
1.541926
1.974210
2.087132
1.734532
1.519881
1.767654
2.237728
2.188217
1.689405
1.537427
2.005842
2.258353
1.958531
1.608399
1.679015
2.142354
2.111191
1.738076
1.373904
1.982362
2.498135
2.268947
1.231843
1.484646
2.109415
2.330068
1.832576
1.609532
1.776870
2.180238
1.855022
1.591967
1.899833
2.193220
1.985270
1.611396
1.929139
2.298209
1.951400
1.621390
1.943681
2.342166
1.971202
1.620632
2.023427
2.261137
2.011241
1.630991
1.944282
2.254351
1.971235
0.978848
1.868927
2.523078
1.738889
1.352828
1.835510
2.291011
1.882348
1.649392
1.929658
2.266998
1.838187
1.795710
2.265368
2.087600
1.765869
2.095389
2.300265
1.887070
1.731895
2.187440
2.131018
1.675936
1.945845
2.278769
1.917649
1.761193
2.100913
2.138211
1.797971
1.915707
2.433173
1.897051
1.402876
2.101880
2.372577
1.684452
1.790322
2.361546
2.082821
1.822610
1.944623
2.184767
1.724357
1.924181
2.241044
1.793998
1.816486
2.287698
1.957490
1.895790
2.367657
2.090949
1.813560
2.304522
2.155977
1.756264
2.149033
2.173885
1.766485
2.003544
2.143352
1.749669
1.762697
2.795846
1.769118
1.513630
2.572027
2.113994
1.773147
2.325409
2.184636
1.895100
1.605712
1.732500
1.384726
1.798860
1.690830
1.459699
1.753762
1.568103
1.458347
1.928040
1.627276
1.508083
1.931756
1.593538
1.535651
1.937492
1.564580
1.605138
1.880540
1.443819
1.553658
1.839608
1.253989
1.638852
1.954142
1.113321
1.828513
1.954068
1.405639
1.847356
1.840796
1.536145
1.589846
1.590756
1.434076
1.868709
1.474726
1.685736
1.798598
1.355975
1.779249
1.641146
1.470888
1.881054
1.473953
1.674331
1.825563
1.417300
1.896852
1.725720
1.568146
1.971161
1.667182
1.785404
2.011764
0.835101
1.912228
1.708157
1.282842
1.957996
1.447323
1.656370
1.851765
1.507148
1.621248
1.539115
1.586700
1.833015
1.496751
1.929526
1.667592
1.847383
1.942000
1.632921
2.110840
1.692687
1.916029
1.996037
1.653484
2.086133
1.697626
1.932573
1.897879
1.666819
1.936291
1.614867
2.006273
1.776833
1.569912
2.277566
1.170991
1.874439
1.625736
1.584676
1.928694
1.584774
1.353584
1.179549
1.414008
1.322018
1.282349
1.519452
1.209585
1.769217
1.364290
1.752936
1.466518
1.547449
1.633534
1.348890
1.750379
1.293308
1.726793
1.401237
1.593431
1.489450
1.411704
1.641391
1.151409
2.336023
1.226135
1.927851
1.309292
1.490306
1.578008
1.280069
1.713826
1.342968
1.446475
1.215868
1.613920
1.316956
1.626779
1.438265
1.509844
1.521686
1.467899
1.661844
1.475703
1.760454
1.436955
1.895086
1.453904
1.921087
1.504577
1.852367
1.495612
1.820460
1.567415
1.727905
1.538997
1.573286
1.596969
1.353100
1.833032
1.422360
1.816189
1.322575
1.823245
1.428166
1.631313
1.387393
1.838174
1.466131
1.971026
1.580441
1.898947
1.429876
1.913466
1.497789
1.983117
1.525661
1.965035
1.488878
1.936003
1.481412
1.963562
1.568399
1.927199
1.453387
1.803771
1.476201
2.025987
0.786781
1.899140
1.067886
2.149298
1.411157
1.952454
1.405644
1.939408
1.550093
2.435655
2.089701
1.696453
1.288239
1.011452
0.866592
0.801792
0.723179
0.744408
0.739414
0.848286
0.965679
1.275356
1.594225
1.969947
2.220507
2.509610
2.702608
2.828014
3.024752
2.972279
3.052273
3.101627
3.527752
3.154408
3.299545
3.085583
3.104538
3.060757
2.932333
2.557043
2.339646
2.561430
2.226707
2.009861
1.874846
2.002665
2.262753
2.297897
2.864956
2.901168
3.274277
3.585323
3.715834
3.621630
3.392284
2.959041
2.640880
2.349069
2.071880
1.904034
1.833466
1.891550
1.898763
1.970721
2.569383
2.675055
2.896549
3.452915
3.612118
3.603582
3.448298
2.992365
2.644312
2.061973
1.738126
1.683271
1.859367
2.222347
2.594465
2.671877
2.922266
2.787693
2.488222
2.037200
1.624237
1.409744
1.454517
1.761538
2.122526
2.595040
2.785904
2.787094
2.553541
2.274062
2.033961
1.679241
1.034762
1.471764
1.704364
2.708717
3.106554
3.307555
3.273210
2.839305
2.395993
1.965834
1.747006
1.922023
2.222314
2.649765
2.764327
2.631859
2.153370
1.868551
1.717959
1.854882
2.285108
2.730818
2.906931
2.688475
2.354443
1.879185
1.754660
1.835338
2.316054
2.568925
2.773667
2.790265
2.108127
1.571066
1.323394
1.826270
2.427562
2.870589
3.106592
2.835638
2.404418
1.871844
1.790392
2.174861
2.546405
2.720716
2.383865
2.133537
1.829252
2.018049
2.463236
2.750484
2.591032
2.096916
1.705831
1.747005
2.082526
2.524571
2.502438
2.231526
1.706727
1.655792
1.819255
2.259637
3.058768
2.422917
1.859989
1.283216
1.612942
2.193554
2.678588
2.648654
2.261824
1.922992
1.962217
2.424719
2.663588
2.411340
1.994982
1.913008
2.362460
2.592793
2.519373
2.026826
1.754603
2.008426
2.535469
2.535313
2.230509
1.859391
1.924752
2.252496
2.491868
2.229151
1.859773
1.593248
2.259625
2.753159
2.750229
1.637301
1.469048
1.847291
2.473690
2.636323
2.274547
1.687475
1.801584
2.243855
2.227441
1.716941
1.639081
1.840204
2.268686
1.960048
1.602757
1.728452
2.206592
2.274880
1.804462
1.587626
1.937272
2.318232
2.111650
1.742014
1.774777
2.114249
2.309948
1.901327
0.978418
1.777832
2.492379
2.093734
1.466532
1.479370
2.063203
2.369720
2.048112
1.574430
1.776134
2.110485
1.783524
1.453419
1.805796
1.990263
1.685422
1.440349
1.797937
2.171350
1.818066
1.476540
1.841048
2.134533
1.875291
1.571192
1.837339
2.076557
1.744297
1.473046
1.796370
2.259669
1.668374
1.119496
1.599466
2.325182
1.776667
1.384170
1.830015
2.222652
1.957764
1.959138
2.234317
2.367358
1.952450
1.928339
2.372497
2.198031
1.805649
2.084785
2.346978
1.866599
1.809650
2.290852
2.179522
1.687418
1.958413
2.251857
1.886245
1.740390
2.189133
2.073056
1.685834
1.818396
2.833888
1.860386
1.415377
2.449945
2.411267
1.816960
2.010029
2.506086
2.271060
1.993741
2.354004
2.255316
1.867136
2.240784
2.280530
1.916876
2.210014
2.364616
1.923188
1.999050
2.353282
1.972337
1.851597
2.319571
2.116771
1.905366
2.242278
2.176801
1.750690
2.023756
2.153998
1.570479
2.011988
2.384861
1.633771
1.862172
2.441821
1.969078
1.866004
2.447134
2.288174
2.015756
2.415207
2.130496
1.978292
2.419156
2.035785
1.937394
2.460610
2.055174
2.128441
2.483057
2.028554
2.154251
2.462293
1.930550
2.125677
2.333264
1.942095
2.146702
2.267266
1.941959
2.216761
2.341357
1.198356
2.238568
2.300212
1.459205
2.241592
2.100466
1.772769
2.398384
2.265151
1.924049
2.332444
1.913954
2.029333
2.219877
1.829463
2.087283
1.943524
1.769487
2.237097
1.789267
1.949464
2.150178
1.683137
2.136833
2.020095
1.876711
2.205162
1.848815
2.024664
2.115034
1.801941
2.278084
1.968104
1.680629
2.523287
1.504810
1.910594
2.138475
1.681331
2.241624
2.159659
1.902514
2.261883
1.800927
2.145877
1.928551
1.931634
2.123225
1.663560
2.082861
1.833207
1.882503
2.104488
1.703261
2.196974
1.785092
1.920930
2.029841
1.726222
2.086099
1.655778
1.811795
1.886036
1.517057
2.673425
1.568191
2.096817
1.969472
1.697314
2.190446
1.689347
2.150268
2.113161
1.977082
2.265013
1.879182
2.272716
1.822060
2.177868
1.970115
2.093889
2.156008
1.927476
2.308607
1.849054
2.269296
1.875607
2.101826
2.040066
1.970126
2.151798
1.815662
2.226971
1.863543
2.165959
1.828204
1.966537
2.051107
1.554073
2.435022
1.746636
2.287930
1.873002
2.187327
2.189269
1.579829
1.773314
1.549006
1.826165
1.479125
1.849494
1.491710
2.046383
1.587336
2.025628
1.590572
1.921783
1.641906
1.868254
1.684687
1.746379
1.798453
1.666848
1.846518
1.535093
1.808560
1.517264
2.051090
0.832809
1.913765
1.106646
2.069026
1.506121
1.837262
1.617886
1.762380
1.803950
