0.200000
154.286514
146.319305
131.643860
112.877007
88.310516
60.769051
31.828350
-0.762483
-32.403667
-61.537479
-89.616486
-114.637680
-134.739639
-149.407440
-158.666809
-161.118439
-157.160446
-147.058487
-132.341431
-112.824966
-88.785294
-60.735352
-31.063601
-0.900890
30.730230
61.002285
88.130203
111.136261
129.538559
144.595093
153.990326
157.261597
63.096535
48.234917
24.152620
-3.012066
-31.973261
-56.368587
-72.309883
-78.436096
-72.467949
-57.011715
-32.726433
-3.649234
25.685335
49.695534
66.206436
71.522568
65.247780
48.540302
25.508888
-1.925831
-29.161251
-52.741463
-68.964127
-75.002678
-68.677643
-52.784668
-29.369881
-2.709862
23.335743
47.407131
63.257813
68.582626
32.557011
13.176251
-13.528654
-36.204063
-49.190800
-46.616344
-30.385197
-3.447992
22.511929
39.274620
42.210087
29.389648
4.999557
-21.785725
-43.496937
-50.850636
-42.680256
-21.284101
4.335668
27.269827
38.993221
36.938091
20.515972
-3.967944
-29.374544
-46.030304
-48.213013
-36.107811
-14.258187
12.458057
32.773788
40.028522
18.038876
-3.808503
-27.059669
-36.372429
-26.841869
-3.423872
19.007355
29.144632
18.885822
-3.723742
-27.523890
-37.874111
-27.736383
-4.524075
19.673618
29.037609
19.060577
-4.517978
-26.541166
-36.106342
-26.754992
-3.899951
18.743462
28.354815
18.255856
-4.603913
-26.984659
-35.927280
-27.110994
-4.050144
18.489067
27.276539
9.345338
-12.965204
-28.058371
-21.547886
1.224847
19.784569
17.568777
-4.230961
-25.305454
-27.654778
-9.222812
14.193208
21.318455
6.145214
-18.838526
-29.761776
-18.524765
5.335552
19.584688
13.123992
-8.758790
-26.625345
-24.770340
-4.922777
15.917761
18.246836
0.172680
-21.290434
-27.783354
-12.977811
9.857773
20.032675
3.220228
-17.735973
-22.212490
-4.276698
14.553421
10.169406
-11.388200
-24.550615
-11.531426
10.038833
14.761052
-4.473171
-23.762835
-19.454027
3.792666
16.215748
3.595656
-18.548447
-22.519360
-4.654862
12.999235
9.116004
-12.648739
-25.323685
-12.409558
9.547948
13.449618
-4.478294
-21.898827
-17.679718
3.722101
15.155390
-1.059263
-19.161114
-13.014806
7.567141
9.607892
-11.062740
-21.236195
-3.993423
12.450675
2.579863
-18.492264
-16.715057
5.748639
12.154925
-8.125273
-21.664652
-8.109203
10.882485
4.832088
-15.941138
-17.876734
2.252188
12.102000
-4.111619
-20.821299
-10.700308
9.256910
7.011964
-12.836661
-19.085390
-0.640975
11.890337
-4.068230
-18.067295
-3.496563
10.655493
-4.068101
-18.615187
-4.446883
10.960490
-4.199406
-18.521864
-3.856507
11.347759
-3.984586
-19.061609
-3.626137
11.015756
-3.600152
-18.113770
-4.030106
10.231074
-3.950980
-18.020916
-3.759995
10.799324
-4.157269
-18.613951
-4.115071
9.674848
-3.739631
-18.143797
-3.784865
9.741781
-6.710666
-15.790977
3.220769
5.253367
-14.811065
-8.670990
8.681392
-4.326248
-16.837263
0.420067
6.544653
-14.121382
-11.729976
7.898973
-2.216699
-17.630680
-2.271513
7.127954
-10.991979
-13.129260
5.833006
0.562502
-16.859535
-4.612442
8.299232
-9.159760
-14.529947
4.369421
2.775832
-15.952572
-6.549912
7.812848
-8.684800
-12.443928
6.385184
-3.969233
-14.982553
4.304959
0.589583
-16.332487
0.162901
3.933358
-15.450232
-4.413208
6.872366
-12.700220
-8.754156
7.510832
-8.664863
-12.309846
5.830719
-4.496379
-14.834574
3.804991
-0.105832
-16.403677
0.206393
4.136838
-14.441921
-4.109162
6.093873
-12.476473
-8.574730
6.486577
-10.080121
-8.469277
5.935620
-11.657413
-6.316277
5.663232
-13.062382
-3.931216
4.698763
-13.705350
-1.692946
4.028527
-14.903750
0.010272
1.825990
-14.980727
1.645253
-0.288519
-14.112515
3.281041
-2.205606
-13.772121
4.640862
-4.173533
-13.214707
5.837421
-6.048604
-11.124094
5.818680
-8.384769
-10.007159
5.599389
-11.236922
-4.523795
2.398360
-14.301904
2.881080
-4.300806
-11.526196
6.481360
-11.115789
-4.244386
3.003654
-15.051422
3.166399
-4.129478
-11.726287
5.680585
-11.528878
-4.265217
2.501667
-14.131968
2.321261
-4.231743
-11.272425
5.865926
-11.726984
-4.460304
2.501463
-13.684477
2.323481
-4.430489
-11.237616
4.858894
-11.685268
-0.629146
-2.467331
-10.808928
5.460057
-12.695487
1.184610
-4.199140
-9.402727
4.435816
-14.023904
2.781097
-6.275940
-8.263437
3.940964
-13.745589
3.709636
-7.899463
-6.092123
2.292852
-13.292239
4.610040
-9.506462
-4.412814
1.046982
-13.156003
4.798512
-10.510024
-2.492429
-0.477050
-11.742399
4.699784
-12.128264
2.302045
-7.721522
-4.164485
-0.585226
-10.454607
4.380801
-14.147588
3.848009
-10.717228
-0.565742
-4.273072
-7.812109
2.622710
-13.438098
4.667976
-13.181061
1.941354
-7.639787
-4.353612
-1.113734
-10.771217
3.874665
-14.070781
4.246125
-10.881927
-0.917861
-4.329134
-7.660320
2.466183
-12.242829
4.464260
-12.380632
4.126904
-11.608728
2.036301
-9.500449
-0.816416
-6.026140
-4.237268
-2.567703
-7.677180
0.874232
-11.230426
3.441147
-13.092264
5.056826
-13.089369
4.778233
-12.405673
2.791220
-10.617708
0.307916
-7.683290
-2.640178
-4.463546
-6.214601
-0.865223
-9.204578
1.524657
-11.465078
4.372685
-12.519983
4.333549
-12.529222
4.719298
-13.086746
4.516573
-13.651584
4.486301
-13.333440
5.475383
-12.798794
4.650919
-13.510628
5.293516
-13.430855
5.159479
-13.996003
4.338696
-13.703085
4.312082
-12.752218
4.490914
-12.907413
4.746922
-13.052574
4.853573
-13.603328
4.642378
-13.078225
3.828883
-12.925249
4.972836
-12.656212
4.220485
9.014048
38.270927
66.489883
90.564728
111.382980
127.288277
136.692764
140.498718
137.291550
128.762177
113.906937
93.522766
68.471611
40.739803
9.121750
-21.488213
-52.326382
-82.726311
-108.984581
-132.386703
-150.995529
-165.333618
-174.657715
-178.102051
-174.067535
-164.975418
-150.356110
-131.394379
-108.719635
-80.504028
-50.700832
-21.572695
23.675674
47.009403
63.241310
69.163315
63.612675
47.905064
24.816235
-4.744505
-33.495667
-56.934090
-73.396950
-79.489479
-73.331871
-57.292229
-32.057949
-4.023986
23.852333
48.159321
63.446144
68.965309
62.965149
47.467812
24.019518
-3.114782
-31.285078
-54.941975
-70.252922
-75.358253
-69.960442
-53.628613
-30.031418
-3.814456
20.609879
37.242352
39.945313
28.094839
4.142381
-22.627657
-42.905521
-51.143085
-42.852501
-22.703821
4.440493
28.918665
42.023338
39.413784
21.304836
-3.988692
-29.295786
-46.274059
-48.559025
-36.581676
-13.779699
12.689587
33.080711
40.972000
32.656090
12.320801
-13.537081
-35.727463
-47.253403
-44.486698
-27.840914
-4.179707
18.110245
27.681829
18.075068
-4.004423
-27.551056
-37.204834
-28.139975
-3.818945
19.536591
29.033379
19.475582
-4.426948
-28.336201
-38.151402
-28.021555
-4.917459
17.820763
27.342154
18.083887
-4.247014
-26.477507
-35.948185
-27.006718
-5.031029
18.012060
27.576660
17.895733
-4.103677
-25.497211
-34.993111
-25.623344
-4.230144
15.666241
18.312601
0.015335
-21.625114
-28.724926
-13.456975
9.332211
21.137300
9.322539
-13.683648
-29.242363
-22.560566
1.113752
19.611570
16.879799
-3.876843
-24.539162
-26.623121
-9.032992
12.862426
19.087734
4.791151
-18.482521
-29.817699
-18.198938
5.239050
19.588142
12.874383
-8.024512
-26.094135
-23.749483
-4.454383
13.461767
9.715538
-12.269678
-24.229017
-11.670041
10.677288
15.040803
-4.370891
-23.125008
-18.882322
3.512779
16.658220
3.612600
-18.829205
-23.448986
-4.633099
13.797997
9.243128
-11.702242
-23.995646
-11.936401
9.831931
14.172480
-3.915438
-22.617601
-18.131599
3.476636
15.178857
3.787928
-17.833237
-21.961178
-4.592439
11.215945
1.997438
-18.492428
-16.438589
5.101598
11.427440
-7.094398
-21.426689
-7.289696
11.286614
5.162048
-17.046637
-18.956816
1.920040
12.467649
-4.161054
-20.714266
-10.315767
9.296598
7.434755
-13.125749
-19.128744
-0.608986
12.959763
-0.987286
-19.687162
-13.213337
7.115264
9.302114
-10.716604
-20.373608
-4.851213
9.226835
-4.300611
-18.838375
-4.740593
9.979630
-4.696776
-19.269020
-4.105967
10.286829
-3.973315
-19.046347
-4.152963
11.097678
-3.774168
-19.290983
-4.420765
10.074061
-4.564808
-18.262180
-4.303692
9.522886
-4.338213
-18.812140
-4.708418
10.108188
-4.282624
-18.272429
-4.225281
9.528273
-4.554650
-18.573048
-4.896274
7.616085
-8.865368
-14.600441
4.698435
2.768243
-16.340677
-7.265595
9.005116
-6.958070
-16.220390
3.086506
5.173857
-15.592425
-9.889042
8.586913
-4.255840
-17.035656
0.656719
6.051458
-13.226743
-11.320073
7.437633
-1.992943
-17.605940
-1.693820
7.821274
-10.921409
-12.623493
5.887500
0.537851
-16.532179
-4.636742
5.842775
-12.062246
-8.246419
7.551258
-8.686128
-12.150419
6.603290
-4.398583
-14.997651
3.639941
0.029945
-16.847273
0.379109
4.437445
-15.768158
-4.606411
6.192260
-12.767625
-8.938505
6.756696
-8.857868
-12.413842
6.176536
-4.421067
-15.318604
3.860697
-0.001033
-15.209701
-0.254308
3.813118
-14.708994
-4.594635
4.060278
-13.819184
-1.891445
3.543210
-14.843144
0.101593
1.935489
-15.574789
1.461209
-0.272965
-15.246900
3.495481
-2.383340
-14.942323
4.863474
-4.265616
-13.390514
5.480297
-6.007788
-11.540457
5.702360
-8.190492
-10.094746
6.579910
-10.557081
-8.606823
5.697063
-11.533353
-6.521920
5.551002
-12.919621
-4.570401
2.200120
-14.183777
2.738209
-4.159504
-11.511831
5.746453
-11.336315
-4.024970
2.800105
-13.954720
3.346413
-4.070889
-11.334786
6.396276
-11.893098
-4.460437
2.686587
-14.379364
2.086285
-4.670304
-11.470019
5.438802
-11.609675
-4.766042
2.474768
-14.714197
2.185470
-4.680210
-11.426418
5.658049
-11.259900
-4.649238
0.411582
-13.166207
4.749167
-10.977816
-2.490395
-0.755510
-12.445392
5.891899
-12.044093
-0.850910
-2.654798
-11.890952
5.082311
-13.861721
0.981870
-4.496451
-9.994056
4.069971
-13.263737
2.142168
-6.342392
-8.066709
3.135762
-14.622852
3.401678
-8.252307
-6.447946
1.563300
-13.597610
4.438109
-9.555099
-4.689148
-1.165749
-10.800221
3.987260
-13.270931
4.552836
-10.510584
-0.688238
-4.249138
-7.749687
2.090336
-13.159302
5.412440
-13.152922
2.398795
-8.345366
-4.587160
-1.055524
-10.977754
3.438419
-13.710876
3.317707
-11.029051
-1.216923
-4.745823
-8.300462
1.909600
-12.909044
3.796831
-12.802724
2.165167
-7.855804
-4.613492
-2.634390
-7.641663
0.650531
-10.414268
3.547124
-12.254184
4.672795
-14.040092
4.078980
-12.626280
3.374810
-11.304680
0.799511
-8.038630
-2.619913
-4.411140
-6.268568
-1.049047
-9.060314
1.913922
-11.574078
4.076990
-13.007824
4.858380
-13.554067
3.943298
-11.718625
1.385114
-9.261840
-0.804058
-6.013706
-4.438027
