0.200000
197.165833
186.432480
165.663269
138.713928
104.713776
68.134117
32.296707
-6.361843
-44.338478
-81.138298
-118.890121
-153.495514
-181.348297
-200.093170
-210.370621
-210.099838
-199.979904
-180.792694
-156.159317
-126.467667
-93.948486
-61.582474
-32.131031
-5.243184
22.107895
50.223331
80.300591
111.459785
141.532440
169.435165
189.287018
198.763748
92.017639
69.996918
36.612434
0.511842
-35.629833
-64.509697
-82.266327
-88.889122
-82.460678
-64.997833
-35.905949
0.652565
38.832901
69.886909
91.766251
99.036507
91.642303
71.497650
44.549206
13.885290
-14.787165
-37.496738
-51.903717
-57.020554
-51.539925
-38.084373
-16.199984
11.555265
42.222000
73.004730
94.147240
100.983086
48.809753
23.165619
-10.330074
-37.733810
-52.491127
-49.383175
-31.796906
-3.460782
23.965425
42.140743
45.550003
30.779297
1.825730
-29.663759
-55.517204
-64.424820
-55.227306
-30.988474
-2.569994
22.196686
34.565434
32.940063
18.140982
-3.500090
-25.892031
-40.960476
-43.210075
-31.120857
-6.830999
25.158457
50.482754
59.385208
24.128681
-2.692545
-30.223696
-41.064438
-30.782795
-5.964384
17.174896
27.402716
16.829184
-6.693032
-31.962261
-43.021797
-31.459335
-5.624766
21.503147
32.066261
21.377468
-4.158923
-27.705132
-38.022995
-28.907518
-7.038805
14.110269
23.045620
13.763971
-7.407553
-29.125248
-38.216347
-28.577759
-1.798854
25.273649
35.940960
11.432691
-14.562737
-31.744267
-24.747309
-0.696935
18.694057
16.642193
-5.010962
-25.985746
-28.117918
-8.886369
15.702149
23.161381
6.964978
-19.760885
-31.416903
-19.661961
5.426602
20.422852
14.231903
-7.390860
-24.794878
-23.409306
-5.270990
13.722515
15.532645
-2.438459
-24.155231
-31.024109
-14.244399
12.200472
24.231108
4.151031
-19.372774
-24.329920
-5.190996
14.481508
10.323116
-11.211041
-24.213596
-11.252918
10.252764
14.729608
-5.224140
-25.345078
-20.816448
3.352427
16.299889
3.563906
-19.074173
-23.187286
-5.355082
12.272890
8.783862
-11.568209
-23.516165
-11.471432
8.952304
12.291370
-5.894791
-24.121370
-19.367100
4.678776
17.756056
-0.970462
-20.789587
-14.338846
7.298290
9.522699
-11.323413
-21.605888
-4.651671
11.445661
1.418963
-19.721132
-17.784866
5.275048
11.717077
-8.854179
-22.558126
-8.929060
10.364250
4.538434
-15.941178
-17.836180
1.564208
11.044385
-4.050076
-19.714479
-10.144365
9.050734
6.492567
-14.081047
-20.684013
-0.523829
13.425170
-4.383029
-19.458258
-4.224695
10.445913
-4.440948
-19.220480
-5.247364
9.939337
-5.066758
-19.115246
-4.367751
10.831189
-4.710630
-19.679562
-4.151007
10.577985
-3.804840
-18.281433
-4.315599
9.835544
-3.908024
-17.382465
-3.898609
9.921919
-4.170459
-17.859493
-3.744830
9.580669
-4.240965
-19.398804
-4.050749
10.667590
-7.364683
-17.016497
2.708823
4.818847
-15.404082
-9.415825
7.814679
-5.010689
-17.354532
-0.291796
5.616718
-14.963163
-12.513187
6.899105
-3.076210
-18.290979
-3.125393
6.366617
-11.363415
-13.416228
5.160557
0.169168
-16.278889
-4.736786
7.476586
-9.082604
-14.186757
4.277586
2.498303
-17.036106
-7.156133
8.237317
-9.598673
-13.586725
5.822100
-4.706547
-15.806807
3.431559
-0.228127
-16.948753
-0.699848
2.916480
-16.241787
-5.283470
5.952152
-13.258982
-9.336300
6.751518
-8.986910
-12.590485
5.278049
-4.717985
-14.706506
3.201551
-0.469286
-15.916388
-0.145709
3.599857
-14.381237
-4.225775
5.866289
-13.379808
-9.360126
6.538225
-10.975367
-9.363001
5.437794
-12.375421
-7.067509
4.945316
-13.596312
-4.566239
3.955173
-14.175722
-2.274412
3.356814
-15.404677
-0.782346
1.076935
-15.377956
0.888896
-0.849798
-14.288463
2.803509
-2.457208
-13.445646
4.061302
-4.231630
-12.797823
5.297155
-6.236650
-11.155404
5.670255
-9.008079
-10.755371
5.578335
-12.091512
-5.229893
1.870002
-15.025931
2.102185
-4.977635
-12.151372
5.651328
-11.741151
-4.976253
2.094312
-15.711396
2.327823
-4.779101
-12.240725
4.856380
-11.834856
-4.689244
2.023520
-14.175208
1.905571
-4.334681
-10.941718
5.354602
-11.363758
-4.519342
2.118647
-13.653967
2.188246
-4.850110
-11.949795
4.759990
-12.513488
-1.159183
-3.019539
-11.463717
4.748655
-13.322380
0.457120
-4.877033
-10.061331
3.538592
-14.629263
1.907651
-7.011327
-8.894963
3.140312
-14.075739
2.963863
-8.280627
-6.435052
1.855201
-13.204550
3.965920
-9.334017
-4.492698
0.650016
-12.918439
4.371828
-10.568207
-2.673366
-0.762612
-12.390329
4.598684
-12.990594
1.773863
-8.404246
-4.873875
-1.313227
-11.167562
3.536022
-14.780532
2.997255
-11.385571
-1.399342
-5.061893
-8.524830
1.642393
-14.053327
3.674468
-13.574921
1.313118
-7.947695
-4.660540
-1.442711
-10.606039
3.283098
-13.715985
3.670685
-10.766195
-1.200513
-4.588185
-7.927956
2.225586
-12.903182
4.292654
-13.159008
3.712860
-12.301184
1.346218
-10.135511
-1.524768
-6.704627
-4.924096
-3.301600
-8.355099
0.038380
-11.874660
2.616585
-13.426218
4.394857
-13.236362
4.155306
-12.596255
2.344034
-10.688630
0.031056
-7.563739
-2.722038
-4.406913
-6.072738
-1.003855
-9.095494
1.222831
-11.659206
4.257756
-13.071003
4.232449
-13.295011
4.300635
-13.812976
3.821819
-14.254562
3.803096
-13.900999
4.730203
-13.360415
3.856538
-14.035741
4.445549
-14.000097
4.109656
-14.569300
3.373915
-14.051397
3.683846
-12.878893
4.044383
-12.780147
4.184510
-12.599627
4.414975
-13.099675
4.250226
-12.881406
3.454266
-13.157075
4.852371
-13.216283
4.103708
57.326309
98.217827
136.512543
167.647079
192.490768
209.633133
218.683014
222.309265
219.757278
211.523560
194.789337
169.031357
135.264313
97.808075
54.718204
13.300237
-26.527962
-63.788700
-93.238251
-116.441505
-131.727280
-140.869339
-145.558640
-146.798065
-143.875458
-139.554550
-131.274933
-117.776176
-96.604187
-64.621330
-26.417706
14.054649
41.434563
70.438232
88.713127
92.704109
82.018471
59.701237
30.633930
-4.639977
-39.113209
-68.739685
-91.645256
-102.106796
-96.725212
-78.226830
-47.639599
-13.313966
19.954851
48.083702
64.385735
68.701660
60.350418
43.486416
20.965654
-3.414615
-28.443237
-50.806725
-68.090546
-77.126877
-74.662773
-57.413280
-28.574142
5.634084
29.298067
49.917503
52.628361
37.687496
9.620088
-20.503670
-42.414436
-51.197552
-42.653400
-21.089842
9.090322
37.098785
52.292370
48.854061
27.086027
-3.206048
-32.946247
-52.952843
-56.098396
-43.704433
-20.450909
5.163970
24.039164
31.168892
23.543558
4.892891
-20.492710
-44.043018
-57.735222
-54.697227
-33.722702
-2.791713
22.802019
34.318150
23.125853
-2.016593
-27.711473
-38.041401
-28.718801
-4.008873
19.765701
29.523594
19.276093
-6.700967
-33.127518
-43.551670
-31.907047
-5.865477
19.473333
30.454641
21.261820
-1.539258
-23.957224
-33.369610
-25.439398
-5.618420
15.083451
23.514809
13.668369
-9.021479
-32.476292
-43.255356
-31.683153
-4.930954
18.027737
20.899010
0.263394
-23.643360
-31.374704
-15.775770
7.264977
19.022045
7.092697
-16.231300
-32.096607
-24.770069
0.768884
20.381378
17.556290
-4.494562
-26.174166
-28.495739
-10.397350
12.022603
18.625710
5.202515
-16.500454
-27.106861
-16.334349
5.376934
18.871056
11.656659
-10.885978
-31.198391
-28.532688
-5.669026
14.898500
10.559335
-13.514145
-26.467533
-13.590715
9.289976
13.841308
-5.281888
-23.757275
-19.262781
3.544003
16.883064
3.127492
-20.000669
-24.826925
-5.352021
13.584055
9.103891
-11.982447
-24.365696
-12.528095
8.495949
12.846369
-3.859589
-21.213327
-16.890562
4.085371
15.433966
3.191411
-20.633179
-25.373087
-5.626920
12.206034
2.049653
-19.879433
-17.822701
4.236408
10.893341
-7.456503
-21.570780
-7.559884
10.754899
4.354373
-18.181961
-20.049278
1.111856
11.960473
-4.822372
-21.372156
-10.904299
8.789945
7.172148
-12.900029
-18.706415
-1.236571
11.635610
-1.447153
-19.019245
-12.533682
7.526371
9.531570
-12.098454
-22.775946
-5.615941
9.855679
-4.718367
-20.088377
-5.562403
9.428654
-5.179165
-19.726879
-4.816906
9.276281
-4.954228
-19.901808
-4.890192
10.534540
-4.336188
-19.896498
-4.989486
9.475514
-4.962758
-18.473148
-4.736903
8.879874
-4.337863
-18.047037
-4.769754
9.204605
-4.438903
-17.876305
-3.964687
9.880238
-5.170409
-20.312815
-5.496741
7.880535
-9.581648
-15.652572
4.096895
2.207310
-16.962967
-8.038808
8.011349
-7.760310
-16.808397
2.388049
4.394407
-16.415554
-10.713517
7.730624
-4.944867
-17.479607
0.081813
5.513041
-13.286584
-11.365431
6.667946
-2.187223
-16.986158
-1.901097
7.087372
-11.094831
-12.640196
5.971364
0.197757
-17.929388
-5.258263
5.959393
-12.841831
-8.998596
7.071480
-9.174041
-12.769522
5.800755
-5.068735
-15.540328
2.815818
-0.887169
-17.581318
-0.367424
3.630527
-16.270477
-5.190005
5.513201
-13.045105
-9.208941
6.285803
-8.809754
-12.157758
5.512933
-4.438727
-14.766676
3.395521
-0.458132
-15.293710
-0.338653
3.687451
-15.787339
-5.125583
3.994700
-14.652839
-2.506619
2.970942
-15.414034
-0.614907
1.193852
-16.124962
0.651576
-1.138427
-15.898808
2.600924
-3.236673
-15.490044
4.041856
-4.890771
-13.747525
4.884456
-6.281479
-11.655700
5.199957
-8.050426
-9.803332
6.047584
-10.249936
-8.454578
5.254587
-11.621799
-6.677885
5.537917
-13.734303
-5.049701
2.003890
-14.977689
2.248016
-4.725128
-12.098211
5.111769
-11.823496
-4.593899
2.154426
-14.338211
2.718397
-4.607387
-11.781411
5.540669
-12.347859
-5.009907
2.030967
-14.644212
1.557637
-4.929591
-11.462282
4.815197
-11.283336
-4.804704
2.062188
-14.365032
1.917440
-4.898829
-11.650704
5.623488
-11.919101
-5.132702
0.051784
-13.982300
4.212226
-11.653886
-3.219499
-1.465635
-13.079381
5.032401
-12.727175
-1.696208
-3.579464
-12.680957
4.074353
-14.355501
0.208627
-5.107753
-10.407199
3.487757
-13.392441
1.737757
-6.431507
-8.001984
2.638060
-14.188070
2.941810
-8.165297
-6.462714
1.200948
-13.892570
4.312442
-10.172589
-5.210554
-1.526994
-11.455960
3.561180
-13.817248
3.903391
-11.073017
-1.329815
-4.854388
-8.327465
1.336123
-13.661757
4.601325
-13.701674
1.474948
-8.952516
-5.213334
-1.696405
-11.338975
2.859272
-13.805079
2.851501
-10.805862
-1.440673
-4.735218
-8.085469
1.623699
-12.746003
3.389609
-13.105224
1.979434
-8.366267
-5.072723
-3.146362
-8.315871
0.071034
-11.068436
2.800313
-12.941994
3.842165
-14.695066
3.196356
-13.315796
2.412383
-12.026985
-0.090129
-8.677212
-3.328671
-5.031917
-6.753523
-1.553655
-9.314466
1.496192
-11.523385
3.506795
-12.595261
4.377777
-13.091868
3.527774
-11.631036
1.013887
-9.605335
-1.123008
-6.544490
-4.979275
