0.200000
3.703476
3.370083
3.288368
3.237757
3.299101
3.382333
3.251289
3.573828
3.317083
3.482410
3.631342
3.758141
3.784599
3.894859
3.934116
4.041111
4.107830
4.072338
4.045788
3.891081
3.883673
4.032441
4.089204
3.517249
3.546181
3.477543
2.827398
2.784958
2.875427
2.993465
3.113716
3.357971
2.145056
2.101565
2.251902
2.347912
2.625591
2.824016
2.837944
3.002865
2.934576
2.837335
2.607482
2.399805
2.166569
1.978911
1.920931
1.839867
1.919674
2.072611
2.196053
2.598700
2.734759
2.952519
3.248482
3.868319
3.468824
3.430517
2.620207
2.363995
2.186680
2.075459
1.995700
2.123692
1.847763
1.943641
2.195364
2.422831
2.574265
2.488889
2.377890
1.960410
1.844989
1.632022
1.567576
1.716480
1.972009
2.320747
2.545625
2.660584
2.598345
2.371537
2.121337
1.759390
1.668731
1.603020
1.645479
2.387209
2.796287
3.084207
3.050017
2.774639
2.458099
2.156515
1.850061
1.882070
1.792484
1.957409
2.293709
2.410269
2.283518
1.910682
1.729250
1.492983
1.670563
2.007258
2.348719
2.471909
2.314440
1.989647
1.651955
1.517732
1.753845
2.028651
2.258809
2.463550
2.315754
2.089931
1.684807
0.948786
1.493965
1.912024
2.805340
2.865922
2.632305
2.267789
1.861089
1.808501
1.993194
2.281897
2.505162
2.399636
2.067782
1.768253
1.781194
2.255205
2.493295
2.541539
2.232464
1.852745
1.720057
1.993577
2.425254
2.618585
2.419972
2.112472
1.924742
2.060905
2.363049
2.722053
2.860104
2.127192
1.567381
1.411687
2.295879
2.759696
2.818463
2.584979
2.102578
2.020689
1.756524
2.093144
2.163984
1.841451
1.495261
1.631268
1.862946
2.210256
2.005526
1.640946
1.518398
1.886317
2.284070
2.228683
1.808075
1.601286
1.901040
2.237671
2.289662
1.913782
1.715086
1.730637
2.189705
3.056770
2.329480
1.651171
1.491122
2.098891
2.430310
2.404145
1.924286
1.776199
1.746555
2.110502
1.981447
1.643961
1.579539
1.978467
2.080143
1.738354
1.535413
1.748092
2.195639
2.154019
1.681919
1.558617
2.023336
2.260571
1.999425
1.707670
1.777945
2.263117
2.242462
1.866441
1.536508
2.181887
2.713046
2.477597
1.403805
1.629368
2.144675
2.337327
1.895760
1.708678
1.667303
2.032561
1.716850
1.506019
1.782542
2.035629
1.847443
1.483304
1.786737
2.130627
1.822440
1.512388
1.816125
2.200458
1.868625
1.555172
1.958431
2.197523
1.976180
1.640833
1.966962
2.283033
2.024713
1.042477
1.946454
2.588496
1.787726
1.405773
1.822285
2.196250
1.814554
1.633875
1.870944
2.191386
1.789512
1.738931
2.177941
1.982431
1.683605
2.011086
2.202261
1.824513
1.669756
2.107469
2.056331
1.622931
1.911691
2.245544
1.922638
1.773930
2.139149
2.187974
1.909846
1.994213
2.544513
2.015907
1.518173
2.199495
2.454022
1.785658
1.851086
2.332718
2.067752
1.820721
1.925622
2.145187
1.702776
1.882558
2.186799
1.738063
1.778719
2.231087
1.906538
1.855903
2.287940
2.031088
1.766582
2.241368
2.128367
1.741270
2.154353
2.190043
1.798590
2.069948
2.247587
1.841606
1.859829
2.921551
1.900660
1.612657
2.652012
2.173719
1.842395
2.313186
2.186345
1.913957
1.569530
1.680408
1.343684
1.739280
1.638800
1.406239
1.713343
1.529056
1.417576
1.861968
1.578563
1.457410
1.871773
1.551387
1.524917
1.929485
1.586192
1.637453
1.932649
1.502384
1.631385
1.899402
1.344567
1.748775
2.035710
1.201272
1.896947
2.012498
1.462643
1.833783
1.843657
1.542507
1.612696
1.604258
1.449514
1.872345
1.491292
1.691776
1.809436
1.386876
1.783762
1.665471
1.509398
1.907452
1.499962
1.710007
1.868930
1.456701
1.955090
1.796564
1.649948
2.068644
1.795601
1.922287
2.162390
1.004319
2.059119
1.834120
1.397192
2.058954
1.547676
1.699166
1.892964
1.560007
1.612883
1.537342
1.561876
1.779455
1.456893
1.861542
1.614452
1.785111
1.875380
1.568505
2.022114
1.622271
1.839538
1.930351
1.624188
2.069520
1.716023
1.956222
1.951595
1.737584
2.064983
1.730501
2.144891
1.927978
1.715092
2.387852
1.261652
1.965475
1.692632
1.646092
1.938386
1.592346
1.390469
1.225372
1.428105
1.333647
1.307768
1.524077
1.239277
1.777506
1.390933
1.758107
1.482152
1.566660
1.635072
1.362132
1.801776
1.348902
1.800158
1.476597
1.684620
1.593496
1.549285
1.759894
1.281279
2.479594
1.388811
2.074274
1.430514
1.605319
1.671284
1.374872
1.764076
1.383331
1.447297
1.240418
1.595387
1.310627
1.600202
1.417743
1.501200
1.510025
1.458999
1.635253
1.444788
1.724521
1.386368
1.861610
1.427880
1.895719
1.508789
1.864192
1.520399
1.865862
1.640963
1.812094
1.623037
1.682322
1.700877
1.454471
1.910823
1.476848
1.839736
1.368383
1.828497
1.435738
1.675687
1.437360
1.865245
1.485753
1.971002
1.564522
1.904251
1.423569
1.898591
1.506314
1.964612
1.539686
1.961160
1.510629
1.974513
1.516735
2.034655
1.643758
2.024521
1.575114
1.944203
1.627563
2.187530
0.968068
2.064606
1.208305
2.274465
1.548852
2.046675
1.511518
1.996488
1.619840
2.404722
2.346919
2.263823
2.045593
1.922964
1.803181
1.808754
1.728027
1.787056
1.830170
1.910631
1.985682
2.096321
2.228619
2.424720
2.522771
2.616776
2.710041
2.805563
3.004448
3.047283
3.203426
3.378368
3.900372
3.521172
3.567749
3.039574
2.918743
2.796249
2.668465
2.412740
2.315815
2.371704
2.177177
2.076747
1.895096
1.932575
2.052037
2.047816
2.450246
2.404630
2.618191
2.744688
2.801506
2.692827
2.572762
2.320849
2.177912
2.076124
1.934811
1.805185
1.719265
1.728678
1.699076
1.744728
2.454860
2.632094
2.862923
3.260767
3.228453
3.092527
2.901101
2.568563
2.397138
2.040084
1.830137
1.797617
1.882062
2.110817
2.406337
2.452504
2.698678
2.564648
2.324969
1.990610
1.712561
1.557540
1.597238
1.832018
2.060815
2.374236
2.528481
2.532008
2.357343
2.130090
1.911920
1.560086
0.907427
1.362498
1.606040
2.578903
2.852857
2.909218
2.846160
2.511830
2.275291
1.872097
1.723885
1.860754
2.044284
2.396397
2.507217
2.403414
1.958055
1.706015
1.581697
1.702604
2.038458
2.381959
2.544174
2.402542
2.175694
1.839729
1.774820
1.863025
2.325797
2.581226
2.809871
2.819767
2.105301
1.530128
1.238849
1.715452
2.236587
2.543150
2.708680
2.487756
2.214101
1.838161
1.745663
2.053513
2.327804
2.490485
2.188071
1.963048
1.690659
1.860636
2.249662
2.526305
2.405529
1.991603
1.670694
1.745619
2.036466
2.431540
2.427934
2.228910
1.765175
1.750593
1.925742
2.402658
3.234643
2.591264
1.999841
1.387040
1.674893
2.128822
2.488133
2.422229
2.157835
1.873454
1.884464
2.262868
2.448205
2.239776
1.850163
1.788901
2.201627
2.460131
2.368441
1.934743
1.698275
1.919674
2.389071
2.419549
2.156892
1.878120
1.955345
2.275675
2.506151
2.292112
1.926560
1.693633
2.403404
2.938910
2.912321
1.786594
1.624552
1.910391
2.370248
2.478456
2.196535
1.684448
1.774313
2.160041
2.117623
1.687035
1.603678
1.819067
2.227591
1.949378
1.601382
1.712640
2.146098
2.217498
1.790910
1.617288
1.939191
2.321503
2.129347
1.808335
1.865541
2.224266
2.413253
2.030105
1.122344
1.917628
2.631666
2.234106
1.611618
1.610844
2.052839
2.302699
2.026446
1.546043
1.705491
2.009503
1.705260
1.425738
1.743475
1.926883
1.632972
1.399533
1.724105
2.075512
1.741096
1.410453
1.766853
2.068213
1.837687
1.579560
1.843212
2.091192
1.789581
1.563843
1.879492
2.351366
1.767796
1.210386
1.681971
2.378552
1.869303
1.490208
1.802516
2.153837
1.909442
1.894503
2.130445
2.254743
1.870967
1.867466
2.279366
2.111262
1.729360
2.003822
2.235525
1.782377
1.745421
2.203585
2.110765
1.663747
1.945458
2.236399
1.911251
1.780235
2.231214
2.158967
1.778470
1.924263
2.941727
1.984661
1.500514
2.526275
2.477525
1.898008
2.005844
2.433001
2.229099
1.948238
2.280639
2.195376
1.823644
2.182127
2.198379
1.850814
2.133452
2.297553
1.871381
1.933642
2.286868
1.899084
1.801663
2.290375
2.106875
1.915064
2.268903
2.232971
1.831416
2.140708
2.258002
1.698164
2.178441
2.547904
1.771750
1.974183
2.528419
2.042105
1.914999
2.413708
2.241822
1.952130
2.321518
2.053387
1.912795
2.325091
1.946199
1.876666
2.384354
1.988066
2.054448
2.396583
1.964508
2.087845
2.395880
1.907697
2.093471
2.337642
1.973418
2.191875
2.325948
2.061217
2.330664
2.479977
1.374053
2.402507
2.447856
1.579111
2.354015
2.171604
1.846762
2.384297
2.237656
1.898184
2.251226
1.858793
1.986465
2.154578
1.775647
2.044611
1.884832
1.745360
2.191028
1.742806
1.927088
2.110686
1.671578
2.150387
2.046362
1.925529
2.273658
1.921650
2.126508
2.256443
1.947288
2.453814
2.141036
1.855061
2.684820
1.633928
2.037871
2.218561
1.761699
2.254689
2.156398
1.841343
2.187137
1.747864
2.061695
1.869885
1.864006
2.065578
1.595320
2.012080
1.787784
1.831183
2.043443
1.645507
2.150651
1.770318
1.896161
2.039705
1.764853
2.136178
1.716582
1.911225
1.986140
1.642564
2.815325
1.707987
2.227659
2.084259
1.794577
2.232833
1.738343
2.138571
2.098389
1.951722
2.203646
1.840433
2.211889
1.787737
2.126882
1.926616
2.034004
2.088016
1.877689
2.247837
1.794379
2.211118
1.836175
2.104847
2.043004
1.991350
2.203692
1.879531
2.315574
1.983602
2.279512
1.954808
2.112771
2.194048
1.687076
2.570279
1.857459
2.344453
1.916463
2.205003
2.190174
1.645221
1.813612
1.591537
1.858450
1.522244
1.858722
1.528988
2.061221
1.623672
2.037184
1.609695
1.932440
1.658572
1.900672
1.730408
1.805752
1.876362
1.773428
1.957671
1.672339
1.972648
1.682775
2.236645
1.027053
2.104086
1.290148
2.239085
1.655034
1.953622
1.724269
1.835255
1.875587
