0.98078528
0.92387953
0.83146961
0.70710678
0.55557023
0.38268343
0.19509032
-0.00000000
-0.19509032
-0.38268343
-0.55557023
-0.70710678
-0.83146961
-0.92387953
-0.98078528
-1.00000000
-0.98078528
-0.92387953
-0.83146961
-0.70710678
-0.55557023
-0.38268343
-0.19509032
0.00000000
0.19509032
0.38268343
0.55557023
0.70710678
0.83146961
0.92387953
0.98078528
1.00000000
0.92387953
0.70710678
0.38268343
-0.00000000
-0.38268343
-0.70710678
-0.92387953
-1.00000000
-0.92387953
-0.70710678
-0.38268343
0.00000000
0.38268343
0.70710678
0.92387953
1.00000000
0.92387953
0.70710678
0.38268343
-0.00000000
-0.38268343
-0.70710678
-0.92387953
-1.00000000
-0.92387953
-0.70710678
-0.38268343
0.00000000
0.38268343
0.70710678
0.92387953
1.00000000
0.83146961
0.38268343
-0.19509032
-0.70710678
-0.98078528
-0.92387953
-0.55557023
0.00000000
0.55557023
0.92387953
0.98078528
0.70710678
0.19509032
-0.38268343
-0.83146961
-1.00000000
-0.83146961
-0.38268343
0.19509032
0.70710678
0.98078528
0.92387953
0.55557023
-0.00000000
-0.55557023
-0.92387953
-0.98078528
-0.70710678
-0.19509032
0.38268343
0.83146961
1.00000000
0.70710678
-0.00000000
-0.70710678
-1.00000000
-0.70710678
0.00000000
0.70710678
1.00000000
0.70710678
-0.00000000
-0.70710678
-1.00000000
-0.70710678
0.00000000
0.70710678
1.00000000
0.70710678
-0.00000000
-0.70710678
-1.00000000
-0.70710678
0.00000000
0.70710678
1.00000000
0.70710678
-0.00000000
-0.70710678
-1.00000000
-0.70710678
0.00000000
0.70710678
1.00000000
0.55557023
-0.38268343
-0.98078528
-0.70710678
0.19509032
0.92387953
0.83146961
-0.00000000
-0.83146961
-0.92387953
-0.19509032
0.70710678
0.98078528
0.38268343
-0.55557023
-1.00000000
-0.55557023
0.38268343
0.98078528
0.70710678
-0.19509032
-0.92387953
-0.83146961
0.00000000
0.83146961
0.92387953
0.19509032
-0.70710678
-0.98078528
-0.38268343
0.55557024
1.00000000
0.38268343
-0.70710678
-0.92387953
0.00000000
0.92387953
0.70710678
-0.38268343
-1.00000000
-0.38268343
0.70710678
0.92387953
-0.00000000
-0.92387953
-0.70710678
0.38268343
1.00000000
0.38268343
-0.70710678
-0.92387953
0.00000000
0.92387953
0.70710678
-0.38268344
-1.00000000
-0.38268343
0.70710678
0.92387953
-0.00000000
-0.92387953
-0.70710678
0.38268344
1.00000000
0.19509032
-0.92387953
-0.55557023
0.70710678
0.83146961
-0.38268343
-0.98078528
0.00000000
0.98078528
0.38268343
-0.83146961
-0.70710678
0.55557023
0.92387953
-0.19509032
-1.00000000
-0.19509032
0.92387953
0.55557023
-0.70710678
-0.83146961
0.38268344
0.98078528
-0.00000000
-0.98078528
-0.38268343
0.83146961
0.70710678
-0.55557024
-0.92387953
0.19509033
1.00000000
-0.00000000
-1.00000000
0.00000000
1.00000000
-0.00000000
-1.00000000
0.00000000
1.00000000
-0.00000000
-1.00000000
0.00000000
1.00000000
-0.00000000
-1.00000000
0.00000000
1.00000000
-0.00000000
-1.00000000
0.00000000
1.00000000
-0.00000000
-1.00000000
0.00000000
1.00000000
-0.00000001
-1.00000000
0.00000001
1.00000000
-0.00000001
-1.00000000
0.00000001
1.00000000
-0.19509032
-0.92387953
0.55557023
0.70710678
-0.83146961
-0.38268343
0.98078528
-0.00000000
-0.98078528
0.38268343
0.83146961
-0.70710678
-0.55557023
0.92387953
0.19509032
-1.00000000
0.19509033
0.92387953
-0.55557024
-0.70710678
0.83146961
0.38268343
-0.98078528
0.00000001
0.98078528
-0.38268344
-0.83146961
0.70710679
0.55557023
-0.92387954
-0.19509032
1.00000000
-0.38268343
-0.70710678
0.92387953
-0.00000000
-0.92387953
0.70710678
0.38268343
-1.00000000
0.38268343
0.70710678
-0.92387953
0.00000000
0.92387953
-0.70710678
-0.38268343
1.00000000
-0.38268344
-0.70710678
0.92387953
-0.00000001
-0.92387953
0.70710679
0.38268343
-1.00000000
0.38268344
0.70710678
-0.92387954
0.00000001
0.92387953
-0.70710679
-0.38268343
1.00000000
-0.55557023
-0.38268343
0.98078528
-0.70710678
-0.19509032
0.92387953
-0.83146961
0.00000000
0.83146961
-0.92387953
0.19509033
0.70710678
-0.98078528
0.38268344
0.55557023
-1.00000000
0.55557024
0.38268343
-0.98078528
0.70710679
0.19509032
-0.92387953
0.83146962
-0.00000001
-0.83146961
0.92387954
-0.19509033
-0.70710678
0.98078528
-0.38268344
-0.55557023
1.00000000
-0.70710678
0.00000000
0.70710678
-1.00000000
0.70710678
-0.00000000
-0.70710678
1.00000000
-0.70710678
0.00000000
0.70710678
-1.00000000
0.70710678
-0.00000000
-0.70710678
1.00000000
-0.70710678
0.00000001
0.70710678
-1.00000000
0.70710679
-0.00000001
-0.70710678
1.00000000
-0.70710679
0.00000001
0.70710678
-1.00000000
0.70710679
-0.00000001
-0.70710677
1.00000000
-0.83146961
0.38268343
0.19509032
-0.70710678
0.98078528
-0.92387953
0.55557023
-0.00000000
-0.55557023
0.92387953
-0.98078528
0.70710678
-0.19509033
-0.38268343
0.83146961
-1.00000000
0.83146962
-0.38268344
-0.19509032
0.70710678
-0.98078528
0.92387954
-0.55557024
0.00000001
0.55557023
-0.92387953
0.98078528
-0.70710679
0.19509033
0.38268342
-0.83146961
1.00000000
-0.92387953
0.70710678
-0.38268343
0.00000000
0.38268343
-0.70710678
0.92387953
-1.00000000
0.92387953
-0.70710678
0.38268344
-0.00000000
-0.38268343
0.70710678
-0.92387953
1.00000000
-0.92387953
0.70710679
-0.38268344
0.00000001
0.38268343
-0.70710678
0.92387953
-1.00000000
0.92387954
-0.70710679
0.38268344
-0.00000001
-0.38268342
0.70710677
-0.92387953
1.00000000
-0.98078528
0.92387953
-0.83146961
0.70710678
-0.55557023
0.38268343
-0.19509032
0.00000000
0.19509032
-0.38268343
0.55557023
-0.70710678
0.83146961
-0.92387953
0.98078528
-1.00000000
0.98078528
-0.92387954
0.83146962
-0.70710679
0.55557024
-0.38268344
0.19509033
-0.00000001
-0.19509031
0.38268342
-0.55557022
0.70710677
-0.83146961
0.92387953
-0.98078528
1.00000000
-1.00000000
1.00000000
-1.00000000
1.00000000
-1.00000000
1.00000000
-1.00000000
1.00000000
-1.00000000
1.00000000
-1.00000000
1.00000000
-1.00000000
1.00000000
-1.00000000
1.00000000
-1.00000000
1.00000000
-1.00000000
1.00000000
-1.00000000
1.00000000
-1.00000000
1.00000000
-1.00000000
1.00000000
-1.00000000
1.00000000
-1.00000000
1.00000000
-1.00000000
1.00000000
0.19509032
0.38268343
0.55557023
0.70710678
0.83146961
0.92387953
0.98078528
1.00000000
0.98078528
0.92387953
0.83146961
0.70710678
0.55557023
0.38268343
0.19509032
-0.00000000
-0.19509032
-0.38268343
-0.55557023
-0.70710678
-0.83146961
-0.92387953
-0.98078528
-1.00000000
-0.98078528
-0.92387953
-0.83146961
-0.70710678
-0.55557023
-0.38268343
-0.19509032
0.00000000
0.38268343
0.70710678
0.92387953
1.00000000
0.92387953
0.70710678
0.38268343
-0.00000000
-0.38268343
-0.70710678
-0.92387953
-1.00000000
-0.92387953
-0.70710678
-0.38268343
0.00000000
0.38268343
0.70710678
0.92387953
1.00000000
0.92387953
0.70710678
0.38268343
-0.00000000
-0.38268343
-0.70710678
-0.92387953
-1.00000000
-0.92387953
-0.70710678
-0.38268343
0.00000000
0.55557023
0.92387953
0.98078528
0.70710678
0.19509032
-0.38268343
-0.83146961
-1.00000000
-0.83146961
-0.38268343
0.19509032
0.70710678
0.98078528
0.92387953
0.55557023
-0.00000000
-0.55557023
-0.92387953
-0.98078528
-0.70710678
-0.19509032
0.38268343
0.83146961
1.00000000
0.83146961
0.38268343
-0.19509032
-0.70710678
-0.98078528
-0.92387953
-0.55557023
0.00000000
0.70710678
1.00000000
0.70710678
-0.00000000
-0.70710678
-1.00000000
-0.70710678
0.00000000
0.70710678
1.00000000
0.70710678
-0.00000000
-0.70710678
-1.00000000
-0.70710678
0.00000000
0.70710678
1.00000000
0.70710678
-0.00000000
-0.70710678
-1.00000000
-0.70710678
0.00000000
0.70710678
1.00000000
0.70710678
-0.00000000
-0.70710678
-1.00000000
-0.70710678
0.00000000
0.83146961
0.92387953
0.19509032
-0.70710678
-0.98078528
-0.38268343
0.55557023
1.00000000
0.55557023
-0.38268343
-0.98078528
-0.70710678
0.19509032
0.92387953
0.83146961
-0.00000000
-0.83146961
-0.92387953
-0.19509032
0.70710678
0.98078528
0.38268343
-0.55557024
-1.00000000
-0.55557023
0.38268344
0.98078528
0.70710678
-0.19509033
-0.92387953
-0.83146961
0.00000000
0.92387953
0.70710678
-0.38268343
-1.00000000
-0.38268343
0.70710678
0.92387953
-0.00000000
-0.92387953
-0.70710678
0.38268343
1.00000000
0.38268343
-0.70710678
-0.92387953
0.00000000
0.92387953
0.70710678
-0.38268344
-1.00000000
-0.38268343
0.70710678
0.92387953
-0.00000000
-0.92387953
-0.70710678
0.38268344
1.00000000
0.38268343
-0.70710678
-0.92387953
0.00000000
0.98078528
0.38268343
-0.83146961
-0.70710678
0.55557023
0.92387953
-0.19509032
-1.00000000
-0.19509032
0.92387953
0.55557023
-0.70710678
-0.83146961
0.38268343
0.98078528
-0.00000000
-0.98078528
-0.38268343
0.83146961
0.70710678
-0.55557024
-0.92387953
0.19509033
1.00000000
0.19509032
-0.92387953
-0.55557023
0.70710678
0.83146961
-0.38268344
-0.98078528
0.00000001
1.00000000
-0.00000000
-1.00000000
0.00000000
1.00000000
-0.00000000
-1.00000000
0.00000000
1.00000000
-0.00000000
-1.00000000
0.00000000
1.00000000
-0.00000000
-1.00000000
0.00000000
1.00000000
-0.00000000
-1.00000000
0.00000000
1.00000000
-0.00000000
-1.00000000
0.00000000
1.00000000
-0.00000001
-1.00000000
0.00000001
1.00000000
-0.00000001
-1.00000000
0.00000001
0.98078528
-0.38268343
-0.83146961
0.70710678
0.55557023
-0.92387953
-0.19509032
1.00000000
-0.19509032
-0.92387953
0.55557024
0.70710678
-0.83146961
-0.38268343
0.98078528
-0.00000000
-0.98078528
0.38268344
0.83146961
-0.70710678
-0.55557023
0.92387953
0.19509032
-1.00000000
0.19509033
0.92387953
-0.55557024
-0.70710678
0.83146962
0.38268343
-0.98078528
0.00000001
0.92387953
-0.70710678
-0.38268343
1.00000000
-0.38268343
-0.70710678
0.92387953
-0.00000000
-0.92387953
0.70710678
0.38268343
-1.00000000
0.38268344
0.70710678
-0.92387953
0.00000000
0.92387953
-0.70710678
-0.38268343
1.00000000
-0.38268344
-0.70710678
0.92387953
-0.00000001
-0.92387953
0.70710679
0.38268343
-1.00000000
0.38268344
0.70710678
-0.92387954
0.00000001
0.83146961
-0.92387953
0.19509032
0.70710678
-0.98078528
0.38268343
0.55557023
-1.00000000
0.55557024
0.38268343
-0.98078528
0.70710678
0.19509032
-0.92387953
0.83146961
-0.00000000
-0.83146961
0.92387953
-0.19509033
-0.70710678
0.98078528
-0.38268344
-0.55557023
1.00000000
-0.55557024
-0.38268343
0.98078528
-0.70710679
-0.19509031
0.92387953
-0.83146962
0.00000001
0.70710678
-1.00000000
0.70710678
-0.00000000
-0.70710678
1.00000000
-0.70710678
0.00000000
0.70710678
-1.00000000
0.70710678
-0.00000000
-0.70710678
1.00000000
-0.70710678
0.00000000
0.70710678
-1.00000000
0.70710679
-0.00000001
-0.70710678
1.00000000
-0.70710679
0.00000001
0.70710678
-1.00000000
0.70710679
-0.00000001
-0.70710677
1.00000000
-0.70710679
0.00000001
0.55557023
-0.92387953
0.98078528
-0.70710678
0.19509032
0.38268343
-0.83146961
1.00000000
-0.83146961
0.38268344
0.19509032
-0.70710678
0.98078528
-0.92387953
0.55557024
-0.00000001
-0.55557023
0.92387953
-0.98078528
0.70710679
-0.19509033
-0.38268343
0.83146961
-1.00000000
0.83146962
-0.38268344
-0.19509031
0.70710677
-0.98078528
0.92387954
-0.55557024
0.00000001
0.38268343
-0.70710678
0.92387953
-1.00000000
0.92387953
-0.70710678
0.38268343
-0.00000000
-0.38268343
0.70710678
-0.92387953
1.00000000
-0.92387953
0.70710678
-0.38268344
0.00000001
0.38268343
-0.70710678
0.92387953
-1.00000000
0.92387954
-0.70710679
0.38268344
-0.00000001
-0.38268342
0.70710677
-0.92387953
1.00000000
-0.92387954
0.70710679
-0.38268344
0.00000001
0.19509032
-0.38268343
0.55557023
-0.70710678
0.83146961
-0.92387953
0.98078528
-1.00000000
0.98078528
-0.92387953
0.83146961
-0.70710678
0.55557024
-0.38268344
0.19509033
-0.00000001
-0.19509032
0.38268343
-0.55557023
0.70710678
-0.83146961
0.92387953
-0.98078528
1.00000000
-0.98078528
0.92387954
-0.83146962
0.70710679
-0.55557024
0.38268344
-0.19509033
0.00000001
