0.000000000000000000e+00 0.000000000000000000e+00 -2.107961605473350541e+00
0.000000000000000000e+00 0.000000000000000000e+00 -1.783726830619764003e+00
0.000000000000000000e+00 0.000000000000000000e+00 -1.641709937415768428e+00
1.000000000000000056e-01 0.000000000000000000e+00 -1.641709937415768206e+00
1.000000000000000056e-01 0.000000000000000000e+00 -1.783726830619764003e+00
1.000000000000000056e-01 0.000000000000000000e+00 -2.194121151610498810e+00
5.000000000000001665e-02 8.660254037844386521e-02 -2.194121151610499254e+00
5.000000000000001665e-02 8.660254037844386521e-02 -1.154914903516162550e+00
5.000000000000001665e-02 8.660254037844386521e-02 -1.219537697290788536e+00
-4.999999999999998196e-02 8.660254037844389297e-02 -1.149979625751508916e+00
-4.999999999999998196e-02 8.660254037844389297e-02 -9.826358498511353901e-01
-4.999999999999998196e-02 8.660254037844389297e-02 -1.051771197395112267e+00
-1.000000000000000056e-01 1.224646799147353269e-17 -1.217003611094981785e+00
-1.000000000000000056e-01 1.224646799147353269e-17 -1.181306506508216669e+00
-1.000000000000000056e-01 1.224646799147353269e-17 -1.184500428963761953e+00
-5.000000000000004441e-02 -8.660254037844383745e-02 -1.501567667071375123e+00
-5.000000000000004441e-02 -8.660254037844383745e-02 -2.123294733034040593e+00
-5.000000000000004441e-02 -8.660254037844383745e-02 -2.370265626628536904e+00
4.999999999999993339e-02 -8.660254037844390684e-02 -1.792677247371227356e+00
4.999999999999993339e-02 -8.660254037844390684e-02 -1.296353726721132471e+00
4.999999999999993339e-02 -8.660254037844390684e-02 -5.981612221132368568e-01
2.000000000000000111e-01 0.000000000000000000e+00 -7.522715293918830204e-01
2.000000000000000111e-01 0.000000000000000000e+00 -8.951851732806933581e-01
2.000000000000000111e-01 0.000000000000000000e+00 -7.750731750132975328e-01
1.770912051306419988e-01 9.294463440875370963e-02 -5.157802668460249595e-01
1.770912051306419988e-01 9.294463440875370963e-02 -4.450386193198993534e-01
1.770912051306419988e-01 9.294463440875370963e-02 -6.386577826777539713e-01
1.136129493462311874e-01 1.645967731787312816e-01 -8.733742560534945021e-01
1.136129493462311874e-01 1.645967731787312816e-01 -8.429828712134038726e-01
1.136129493462311874e-01 1.645967731787312816e-01 -6.617844100488455839e-01
2.410733605106464561e-02 1.985417748196108001e-01 -5.771526885539841611e-01
2.410733605106464561e-02 1.985417748196108001e-01 -7.011589623179890207e-01
2.410733605106464561e-02 1.985417748196108001e-01 -1.093679895843599148e+00
-7.092097740850709930e-02 1.870032485370830000e-01 -1.766939726093254004e+00
-7.092097740850709930e-02 1.870032485370830000e-01 -2.419111119712622493e+00
-7.092097740850709930e-02 1.870032485370830000e-01 -2.147530323134633878e+00
-1.497021496342201829e-01 1.326245316481590997e-01 -1.399756492116104534e+00
-1.497021496342201829e-01 1.326245316481590997e-01 -8.610194353556496205e-01
-1.497021496342201829e-01 1.326245316481590997e-01 -6.088464244520642721e-01
-1.941883634852104024e-01 4.786313285751161994e-02 -2.423488506871125936e-01
-1.941883634852104024e-01 4.786313285751161994e-02 -4.071272790930953178e-01
-1.941883634852104024e-01 4.786313285751161994e-02 -6.286791080199848336e-01
-1.941883634852104301e-01 -4.786313285751149504e-02 -7.538633907191235606e-01
-1.941883634852104301e-01 -4.786313285751149504e-02 -5.942801809547993974e-01
-1.941883634852104301e-01 -4.786313285751149504e-02 -2.836657825125234456e-01
-1.497021496342202662e-01 -1.326245316481589887e-01 -1.013336127812810294e-01
-1.497021496342202662e-01 -1.326245316481589887e-01 -1.650004809983715848e-01
-1.497021496342202662e-01 -1.326245316481589887e-01 -4.377341010573503333e-01
-7.092097740850718257e-02 -1.870032485370829445e-01 -7.110078319547772363e-01
-7.092097740850718257e-02 -1.870032485370829445e-01 -7.183232742827078132e-01
-7.092097740850718257e-02 -1.870032485370829445e-01 -5.169323094637539029e-01
2.410733605106446520e-02 -1.985417748196108279e-01 -3.131450226807871995e-01
2.410733605106446520e-02 -1.985417748196108279e-01 -1.992624603435548536e-01
2.410733605106446520e-02 -1.985417748196108279e-01 -2.125222035407972609e-01
1.136129493462311180e-01 -1.645967731787313371e-01 -3.920128227580431668e-01
1.136129493462311180e-01 -1.645967731787313371e-01 -7.851072095758909741e-01
1.136129493462311180e-01 -1.645967731787313371e-01 -1.426299254695422736e+00
1.770912051306419155e-01 -9.294463440875383453e-02 -2.231376739032762568e+00
1.770912051306419155e-01 -9.294463440875383453e-02 -2.514758868932584601e+00
1.770912051306419155e-01 -9.294463440875383453e-02 -1.827815944134235204e+00
3.000000000000000444e-01 0.000000000000000000e+00 -1.074414042592182650e+00
3.000000000000000444e-01 0.000000000000000000e+00 -5.589545853010394749e-01
3.000000000000000444e-01 0.000000000000000000e+00 -2.785967061993915306e-01
2.837451725101904354e-01 9.740984076140504766e-02 -1.878358033482494249e-01
2.837451725101904354e-01 9.740984076140504766e-02 -1.228111794450624517e-01
2.837451725101904354e-01 9.740984076140504766e-02 -2.747919634956598745e-01
2.367421528189181390e-01 1.842638138069003784e-01 -4.762475119172538407e-01
2.367421528189181390e-01 1.842638138069003784e-01 -6.902625942518771929e-01
2.367421528189181390e-01 1.842638138069003784e-01 -7.892616575026993875e-01
1.640844474367281203e-01 2.511499434787585749e-01 -6.229290723153941833e-01
1.640844474367281203e-01 2.511499434787585749e-01 -2.959703355273093361e-01
1.640844474367281203e-01 2.511499434787585749e-01 -4.358425295902883939e-02
7.364564614223978456e-02 2.908200797817991345e-01 1.180082363565633681e-02
7.364564614223978456e-02 2.908200797817991345e-01 -1.497208169266218136e-01
7.364564614223978456e-02 2.908200797817991345e-01 -4.633204981348040818e-01
-2.477380364169968693e-02 2.989753479020009763e-01 -7.403489693327096610e-01
-2.477380364169968693e-02 2.989753479020009763e-01 -7.663112960159397247e-01
-2.477380364169968693e-02 2.989753479020009763e-01 -5.868286951858168177e-01
-1.205086273958907994e-01 2.747319979965173187e-01 -3.703568878987096857e-01
-1.205086273958907994e-01 2.747319979965173187e-01 -1.918933680624112514e-01
-1.205086273958907994e-01 2.747319979965173187e-01 -6.874482250622911128e-02
-2.031844714877222846e-01 2.207171732019395372e-01 -1.417672747271221667e-02
-2.031844714877222846e-01 2.207171732019395372e-01 -5.490846572254697716e-02
-2.031844714877222846e-01 2.207171732019395372e-01 -2.311158434239561077e-01
-2.638421253619467333e-01 1.427842179111221133e-01 -5.889942034458083286e-01
-2.638421253619467333e-01 1.427842179111221133e-01 -1.168140877542321876e+00
-2.638421253619467333e-01 1.427842179111221133e-01 -1.964183976563087297e+00
-2.959083910208167301e-01 4.937837708422021521e-02 -2.670574081320387982e+00
-2.959083910208167301e-01 4.937837708422021521e-02 -2.380413156490193582e+00
-2.959083910208167301e-01 4.937837708422021521e-02 -1.544241288217804486e+00
-2.959083910208167856e-01 -4.937837708422015276e-02 -8.492447691855005143e-01
-2.959083910208167856e-01 -4.937837708422015276e-02 -3.845193193982836544e-01
-2.959083910208167856e-01 -4.937837708422015276e-02 -1.232127237418340904e-01
-2.638421253619467888e-01 -1.427842179111220855e-01 -2.037157005051865380e-02
-2.638421253619467888e-01 -1.427842179111220855e-01 -3.158378626493463931e-02
-2.638421253619467888e-01 -1.427842179111220855e-01 -2.493731639020343727e-01
-2.031844714877224511e-01 -2.207171732019393984e-01 -3.818420788664964038e-01
-2.031844714877224511e-01 -2.207171732019393984e-01 -5.345120729147994076e-01
-2.031844714877224511e-01 -2.207171732019393984e-01 -7.104805519377497269e-01
-1.205086273958909798e-01 -2.747319979965172076e-01 -8.918735093735017383e-01
-1.205086273958909798e-01 -2.747319979965172076e-01 -9.959974116640305519e-01
-1.205086273958909798e-01 -2.747319979965172076e-01 -8.958140007081851763e-01
-2.477380364169982571e-02 -2.989753479020009763e-01 -6.085565712666625160e-01
-2.477380364169982571e-02 -2.989753479020009763e-01 -3.097803637719818148e-01
-2.477380364169982571e-02 -2.989753479020009763e-01 -1.345188288247285424e-01
7.364564614223964578e-02 -2.908200797817991901e-01 -1.345188288247284036e-01
7.364564614223964578e-02 -2.908200797817991901e-01 -3.097803637719815373e-01
7.364564614223964578e-02 -2.908200797817991901e-01 -6.085565712666619609e-01
1.640844474367280093e-01 -2.511499434787586860e-01 -8.958140007081849543e-01
1.640844474367280093e-01 -2.511499434787586860e-01 -9.959974116640303299e-01
1.640844474367280093e-01 -2.511499434787586860e-01 -8.918735093735020714e-01
2.367421528189180835e-01 -1.842638138069004339e-01 -7.104805519377497269e-01
2.367421528189180835e-01 -1.842638138069004339e-01 -5.345120729147998517e-01
2.367421528189180835e-01 -1.842638138069004339e-01 -3.818420788664965704e-01
2.837451725101904354e-01 -9.740984076140513093e-02 -2.493731639020343727e-01
2.837451725101904354e-01 -9.740984076140513093e-02 -1.372475620988835854e-01
2.837451725101904354e-01 -9.740984076140513093e-02 -5.697475273940310475e-02
4.000000000000000222e-01 0.000000000000000000e+00 -3.244527109926302610e-02
4.000000000000000222e-01 0.000000000000000000e+00 -9.753080006640228727e-02
4.000000000000000222e-01 0.000000000000000000e+00 -2.917012948408647111e-01
3.874332644514524304e-01 9.947595486594192071e-02 -6.543777058952875425e-01
3.874332644514524304e-01 9.947595486594192071e-02 -1.217626358393341990e+00
3.874332644514524304e-01 9.947595486594192071e-02 -1.985340181516804803e+00
3.505226720175454447e-01 1.927014696406861294e-01 -2.776768516143246046e+00
3.505226720175454447e-01 1.927014696406861294e-01 -2.776768516143246934e+00
3.505226720175454447e-01 1.927014696406861294e-01 -1.985340181516806579e+00
2.915874509685646432e-01 2.738188423714755237e-01 -1.217626358393343544e+00
2.915874509685646432e-01 2.738188423714755237e-01 -6.543777058952886527e-01
2.915874509685646432e-01 2.738188423714755237e-01 -2.917012948408664874e-01
2.143307179915986682e-01 3.377311702008060634e-01 -9.753080006640253707e-02
2.143307179915986682e-01 3.377311702008060634e-01 -3.244527109926313713e-02
2.143307179915986682e-01 3.377311702008060634e-01 -5.697475273940286189e-02
1.236067977499789861e-01 3.804226065180614236e-01 -1.372475620988829470e-01
1.236067977499789861e-01 3.804226065180614236e-01 -6.248204308080955727e-01
1.236067977499789861e-01 3.804226065180614236e-01 -7.448448353322394411e-01
2.511620781172531694e-02 3.992106913713086569e-01 -8.586594032294561085e-01
2.511620781172531694e-02 3.992106913713086569e-01 -9.767457867623964285e-01
2.511620781172531694e-02 3.992106913713086569e-01 -1.110728205197344831e+00
-7.495252583428993476e-02 3.929149002914754663e-01 -1.255509120541957291e+00
-7.495252583428993476e-02 3.929149002914754663e-01 -1.356838514513887040e+00
-7.495252583428993476e-02 3.929149002914754663e-01 -1.308855236868795791e+00
-1.703117166260291193e-01 3.619308209864078307e-01 -1.078782170493132408e+00
-1.703117166260291193e-01 3.619308209864078307e-01 -7.867367709213284321e-01
-1.703117166260291193e-01 3.619308209864078307e-01 -5.675095732021039341e-01
-2.549695958994758760e-01 3.082052971103157457e-01 -4.885393815296786846e-01
-2.549695958994758760e-01 3.082052971103157457e-01 -5.675095732021044892e-01
-2.549695958994758760e-01 3.082052971103157457e-01 -7.867367709213278770e-01
-3.236067977499789694e-01 2.351141009169893104e-01 -1.078782170493132186e+00
-3.236067977499789694e-01 2.351141009169893104e-01 -1.308855236868795568e+00
-3.236067977499789694e-01 2.351141009169893104e-01 -1.356838514513887484e+00
-3.719105943553006055e-01 1.472498210738710789e-01 -1.255509120541957957e+00
-3.719105943553006055e-01 1.472498210738710789e-01 -1.110728205197345497e+00
-3.719105943553006055e-01 1.472498210738710789e-01 -9.767457867623963175e-01
-3.968458805257911726e-01 5.013329342572164088e-02 -8.586594032294561085e-01
-3.968458805257911726e-01 5.013329342572164088e-02 -7.448448353322394411e-01
-3.968458805257911726e-01 5.013329342572164088e-02 -6.248204308080953506e-01
-3.968458805257911726e-01 -5.013329342572173108e-02 -4.964518384784591398e-01
-3.968458805257911726e-01 -5.013329342572173108e-02 -3.682878444109514149e-01
-3.968458805257911726e-01 -5.013329342572173108e-02 -2.594867430005866615e-01
-3.719105943553004945e-01 -1.472498210738713564e-01 -1.982507927665374814e-01
-3.719105943553004945e-01 -1.472498210738713564e-01 -2.191902840121051632e-01
-3.719105943553004945e-01 -1.472498210738713564e-01 -3.599225784629950242e-01
-3.236067977499789139e-01 -2.351141009169893659e-01 -6.571867211702645539e-01
-3.236067977499789139e-01 -2.351141009169893659e-01 -1.142486251860570734e+00
-3.236067977499789139e-01 -2.351141009169893659e-01 -1.833956208109154939e+00
-2.549695958994758760e-01 -3.082052971103157457e-01 -2.683327917111058003e+00
-2.549695958994758760e-01 -3.082052971103157457e-01 -3.213102440882368960e+00
-2.549695958994758760e-01 -3.082052971103157457e-01 -2.683327917111061112e+00
-1.703117166260288695e-01 -3.619308209864079418e-01 -1.833956208109156938e+00
-1.703117166260288695e-01 -3.619308209864079418e-01 -1.142486251860571400e+00
-1.703117166260288695e-01 -3.619308209864079418e-01 -6.571867211702658862e-01
-7.495252583428985149e-02 -3.929149002914755218e-01 -3.599225784629950242e-01
-7.495252583428985149e-02 -3.929149002914755218e-01 -2.191902840121050244e-01
-7.495252583428985149e-02 -3.929149002914755218e-01 -1.982507927665374814e-01
2.511620781172549041e-02 -3.992106913713086569e-01 -2.594867430005869391e-01
2.511620781172549041e-02 -3.992106913713086569e-01 -3.682878444109509708e-01
2.511620781172549041e-02 -3.992106913713086569e-01 -4.964518384784584182e-01
1.236067977499789028e-01 -3.804226065180614791e-01 -1.249948554402014356e+00
1.236067977499789028e-01 -3.804226065180614791e-01 -1.359734626375483924e+00
1.236067977499789028e-01 -3.804226065180614791e-01 -1.441029256563362448e+00
2.143307179915986682e-01 -3.377311702008060634e-01 -1.504627762541068892e+00
2.143307179915986682e-01 -3.377311702008060634e-01 -1.567390820646569649e+00
2.143307179915986682e-01 -3.377311702008060634e-01 -1.646967300961020841e+00
2.915874509685647542e-01 -2.738188423714753017e-01 -1.750165740440350559e+00
2.915874509685647542e-01 -2.738188423714753017e-01 -1.850665767363613101e+00
2.915874509685647542e-01 -2.738188423714753017e-01 -1.870858711567516819e+00
3.505226720175454447e-01 -1.927014696406861294e-01 -1.737833260599407570e+00
3.505226720175454447e-01 -1.927014696406861294e-01 -1.495299163532571862e+00
3.505226720175454447e-01 -1.927014696406861294e-01 -1.263850888758559554e+00
3.874332644514524859e-01 -9.947595486594179581e-02 -1.130546833430666531e+00
3.874332644514524859e-01 -9.947595486594179581e-02 -1.130546833430666753e+00
3.874332644514524859e-01 -9.947595486594179581e-02 -1.263850888758559998e+00
5.000000000000000000e-01 0.000000000000000000e+00 -1.495299163532572084e+00
5.000000000000000000e-01 0.000000000000000000e+00 -1.737833260599408014e+00
5.000000000000000000e-01 0.000000000000000000e+00 -1.870858711567516819e+00
4.897649706262472424e-01 1.006492600443300300e-01 -1.850665767363613323e+00
4.897649706262472424e-01 1.006492600443300300e-01 -1.750165740440350115e+00
4.897649706262472424e-01 1.006492600443300300e-01 -1.646967300961021285e+00
4.594789058101153012e-01 1.971779275566592771e-01 -1.567390820646570315e+00
4.594789058101153012e-01 1.971779275566592771e-01 -1.504627762541068892e+00
4.594789058101153012e-01 1.971779275566592771e-01 -1.441029256563362448e+00
4.103817206036381449e-01 2.856341075473961544e-01 -1.359734626375483479e+00
4.103817206036381449e-01 2.856341075473961544e-01 -1.249948554402014134e+00
4.103817206036381449e-01 2.856341075473961544e-01 -1.109256472658286086e+00
3.444834595378433173e-01 3.623963936145599418e-01 -9.443953859067178991e-01
3.444834595378433173e-01 3.623963936145599418e-01 -7.710156595567925208e-01
3.444834595378433173e-01 3.623963936145599418e-01 -6.126596659868634998e-01
2.644820051634812486e-01 4.243221287473754599e-01 -4.990956251174770153e-01
2.644820051634812486e-01 4.243221287473754599e-01 -4.641376876299947440e-01
2.644820051634812486e-01 4.243221287473754599e-01 -5.430999978185706567e-01
1.736526264224101390e-01 4.688760660735402097e-01 -7.700440682008461435e-01
1.736526264224101390e-01 4.688760660735402097e-01 -1.174907755356406902e+00
1.736526264224101390e-01 4.688760660735402097e-01 -1.779654965026134628e+00
7.571388875228834969e-02 4.942341621640556903e-01 -2.581270065954610171e+00
7.571388875228834969e-02 4.942341621640556903e-01 -3.397085926464114003e+00
7.571388875228834969e-02 4.942341621640556903e-01 -3.397085926464110894e+00
-2.532458441935632118e-02 4.993582535855263793e-01 -2.581270065954606174e+00
-2.532458441935632118e-02 4.993582535855263793e-01 -1.779654965026136626e+00
-2.532458441935632118e-02 4.993582535855263793e-01 -1.174907755356404682e+00
-1.253262661293602087e-01 4.840385594331021446e-01 -7.700440682008453663e-01
-1.253262661293602087e-01 4.840385594331021446e-01 -5.430999978185701016e-01
-1.253262661293602087e-01 4.840385594331021446e-01 -4.641376876299941889e-01
-2.201970757788171973e-01 4.489022697853707888e-01 -4.990956251174777369e-01
-2.201970757788171973e-01 4.489022697853707888e-01 -6.126596659868637218e-01
-2.201970757788171973e-01 4.489022697853707888e-01 -7.710156595567936311e-01
-3.060529912738313985e-01 3.953878684688493239e-01 -9.443953859067187873e-01
-3.060529912738313985e-01 3.953878684688493239e-01 -1.109256472658286530e+00
-3.060529912738313985e-01 3.953878684688493239e-01 -2.124985260740218873e+00
-3.793790613463954853e-01 3.256862413611111284e-01 -2.225084858255726772e+00
-3.793790613463954853e-01 3.256862413611111284e-01 -2.279961528216849498e+00
-3.793790613463954853e-01 3.256862413611111284e-01 -2.298559071631327555e+00
-4.371733080722910447e-01 2.426509812655405218e-01 -2.295864468901902988e+00
-4.371733080722910447e-01 2.426509812655405218e-01 -2.291260817040815745e+00
-4.371733080722910447e-01 2.426509812655405218e-01 -2.305510061550047674e+00
-4.770696282000244093e-01 1.496815614866789934e-01 -2.354908809014817805e+00
-4.770696282000244093e-01 1.496815614866789934e-01 -2.439713802069362725e+00
-4.770696282000244093e-01 1.496815614866789934e-01 -2.525698567838418729e+00
-4.974346616959475775e-01 5.058416099371614016e-02 -2.539448531717076740e+00
-4.974346616959475775e-01 5.058416099371614016e-02 -2.429191971983192921e+00
-4.974346616959475775e-01 5.058416099371614016e-02 -2.241092372571638958e+00
-4.974346616959475775e-01 -5.058416099371601526e-02 -2.071889156866602466e+00
-4.974346616959475775e-01 -5.058416099371601526e-02 -1.988889816485438500e+00
-4.974346616959475775e-01 -5.058416099371601526e-02 -2.017196475402092570e+00
-4.770696282000244648e-01 -1.496815614866789101e-01 -2.148816222275592214e+00
-4.770696282000244648e-01 -1.496815614866789101e-01 -2.338745417787754022e+00
-4.770696282000244648e-01 -1.496815614866789101e-01 -2.499355345031939457e+00
-4.371733080722911002e-01 -2.426509812655404386e-01 -2.546613155908278969e+00
-4.371733080722911002e-01 -2.426509812655404386e-01 -2.486505342220577397e+00
-4.371733080722911002e-01 -2.426509812655404386e-01 -2.393982479491627124e+00
-3.793790613463955408e-01 -3.256862413611110174e-01 -2.325232817699652621e+00
-3.793790613463955408e-01 -3.256862413611110174e-01 -2.294807046734822720e+00
-3.793790613463955408e-01 -3.256862413611110174e-01 -2.292486690753205991e+00
-3.060529912738313985e-01 -3.953878684688493239e-01 -2.298738441038128855e+00
-3.060529912738313985e-01 -3.953878684688493239e-01 -2.292985545048064733e+00
-3.060529912738313985e-01 -3.953878684688493239e-01 -2.257771854871100103e+00
-2.201970757788170863e-01 -4.489022697853708443e-01 -2.180983241233091618e+00
-2.201970757788170863e-01 -4.489022697853708443e-01 -2.057057339962764519e+00
-2.201970757788170863e-01 -4.489022697853708443e-01 -1.887539437403897402e+00
-1.253262661293602087e-01 -4.840385594331021446e-01 -1.681124660759454326e+00
-1.253262661293602087e-01 -4.840385594331021446e-01 -1.453252195009892445e+00
-1.253262661293602087e-01 -4.840385594331021446e-01 -1.225298238747248192e+00
-2.532458441935633159e-02 -4.993582535855263793e-01 -1.023417464003751887e+00
-2.532458441935633159e-02 -4.993582535855263793e-01 -8.770938574100322072e-01
-2.532458441935633159e-02 -4.993582535855263793e-01 -8.174742254372648897e-01
7.571388875228833581e-02 -4.942341621640556903e-01 -8.755676074698760525e-01
7.571388875228833581e-02 -4.942341621640556903e-01 -1.080395913224957427e+00
7.571388875228833581e-02 -4.942341621640556903e-01 -1.457134228956735722e+00
1.736526264224101390e-01 -4.688760660735402097e-01 -2.024730171203584561e+00
1.736526264224101390e-01 -4.688760660735402097e-01 -2.786167351286797711e+00
1.736526264224101390e-01 -4.688760660735402097e-01 -3.637911815841722074e+00
2.644820051634811930e-01 -4.243221287473755154e-01 -3.922000002086770465e+00
2.644820051634811930e-01 -4.243221287473755154e-01 -3.220471506030077702e+00
2.644820051634811930e-01 -4.243221287473755154e-01 -2.382601861011317546e+00
3.444834595378432063e-01 -3.623963936145599973e-01 -1.716254178730101998e+00
3.444834595378432063e-01 -3.623963936145599973e-01 -1.245906769481166965e+00
3.444834595378432063e-01 -3.623963936145599973e-01 -9.579540942287811944e-01
4.103817206036381449e-01 -2.856341075473962099e-01 -8.299246804036403136e-01
4.103817206036381449e-01 -2.856341075473962099e-01 -8.344831186607919449e-01
4.103817206036381449e-01 -2.856341075473962099e-01 -9.413826525540851531e-01
4.594789058101153012e-01 -1.971779275566593603e-01 -1.119315322535149315e+00
4.594789058101153012e-01 -1.971779275566593603e-01 -1.337747002113568007e+00
4.594789058101153012e-01 -1.971779275566593603e-01 -1.568661780057307720e+00
4.897649706262472424e-01 -1.006492600443301411e-01 -1.788129663110501921e+00
4.897649706262472424e-01 -1.006492600443301411e-01 -1.977618831972961733e+00
4.897649706262472424e-01 -1.006492600443301411e-01 -3.377177260464891528e+00
6.000000000000000888e-01 0.000000000000000000e+00 -3.306389003242707236e+00
6.000000000000000888e-01 0.000000000000000000e+00 -3.153435136124008942e+00
6.000000000000000888e-01 0.000000000000000000e+00 -3.082604505932760475e+00
5.918167820416334601e-01 9.875675416844034715e-02 -3.219804422616847628e+00
5.918167820416334601e-01 9.875675416844034715e-02 -3.404464933411244676e+00
5.918167820416334601e-01 9.875675416844034715e-02 -3.254622593471773850e+00
5.674903450203808708e-01 1.948196815228100953e-01 -3.103025230497569620e+00
5.674903450203808708e-01 1.948196815228100953e-01 -3.254622593471772518e+00
5.674903450203808708e-01 1.948196815228100953e-01 -3.404464933411244676e+00
5.276842507238935776e-01 2.855684358222441710e-01 -3.219804422616849848e+00
5.276842507238935776e-01 2.855684358222441710e-01 -3.082604505932760919e+00
5.276842507238935776e-01 2.855684358222441710e-01 -3.153435136124009830e+00
4.734843056378362780e-01 3.685276276138007567e-01 -3.306389003242707236e+00
4.734843056378362780e-01 3.685276276138007567e-01 -3.377177260464892417e+00
4.734843056378362780e-01 3.685276276138007567e-01 -3.249995777143751319e+00
4.063689429754447358e-01 4.414343464038790188e-01 -2.889506144046444014e+00
4.063689429754447358e-01 4.414343464038790188e-01 -2.350214575504309344e+00
4.063689429754447358e-01 4.414343464038790188e-01 -1.768495642291455283e+00
3.281688948734562405e-01 5.022998869575171499e-01 -1.339781737571762665e+00
3.281688948734562405e-01 5.022998869575171499e-01 -1.284705553739450723e+00
3.281688948734562405e-01 5.022998869575171499e-01 -1.809474650359566006e+00
2.410172547917817654e-01 5.494639959930345263e-01 -3.059615061862712260e+00
2.410172547917817654e-01 5.494639959930345263e-01 -4.431852819388746312e+00
2.410172547917817654e-01 5.494639959930345263e-01 -3.059615061862715812e+00
1.472912922844795691e-01 5.816401595635982691e-01 -1.809474650359567338e+00
1.472912922844795691e-01 5.816401595635982691e-01 -1.284705553739451833e+00
1.472912922844795691e-01 5.816401595635982691e-01 -1.339781737571762221e+00
4.954760728339944326e-02 5.979506958040019526e-01 -1.768495642291453729e+00
4.954760728339944326e-02 5.979506958040019526e-01 -2.350214575504308012e+00
4.954760728339944326e-02 5.979506958040019526e-01 -2.889506144046442238e+00
-4.954760728339937387e-02 5.979506958040019526e-01 -3.249995777143751319e+00
-4.954760728339937387e-02 5.979506958040019526e-01 0.000000000000000000e+00
-4.954760728339937387e-02 5.979506958040019526e-01 9.503393375505632124e-01
-1.472912922844794859e-01 5.816401595635982691e-01 3.068652324336019199e-01
-1.472912922844794859e-01 5.816401595635982691e-01 -3.068652324336009762e-01
-1.472912922844794859e-01 5.816401595635982691e-01 -9.503393375505633234e-01
-2.410172547917815988e-01 5.494639959930346373e-01 -5.422978533230000675e-01
-2.410172547917815988e-01 5.494639959930346373e-01 5.422978533229990683e-01
-2.410172547917815988e-01 5.494639959930346373e-01 1.981757542385663262e+00
-3.281688948734560740e-01 5.022998869575173719e-01 1.257837943561867178e+00
-3.281688948734560740e-01 5.022998869575173719e-01 3.025877482618636316e-01
-3.281688948734560740e-01 5.022998869575173719e-01 -2.252159761228861301e-02
-4.063689429754445692e-01 4.414343464038790743e-01 -3.130298948350795918e-02
-4.063689429754445692e-01 4.414343464038790743e-01 -7.546901656021985927e-01
-4.063689429754445692e-01 4.414343464038790743e-01 -1.690287728163366587e+00
-4.734843056378361670e-01 3.685276276138008122e-01 -2.099263123327497649e+00
-4.734843056378361670e-01 3.685276276138008122e-01 -1.761543706765930084e+00
-4.734843056378361670e-01 3.685276276138008122e-01 -8.263314496257775366e-01
-5.276842507238934665e-01 2.855684358222442265e-01 2.772742548912279226e-01
-5.276842507238934665e-01 2.855684358222442265e-01 1.340881266878751976e+00
-5.276842507238934665e-01 2.855684358222442265e-01 2.025601977132388765e+00
-5.674903450203808708e-01 1.948196815228102063e-01 2.563404493676320062e+00
-5.674903450203808708e-01 1.948196815228102063e-01 1.936706742930514480e+00
-5.674903450203808708e-01 1.948196815228102063e-01 8.866105039228499018e-01
-5.918167820416334601e-01 9.875675416844043042e-02 -3.016631502802469278e-01
-5.918167820416334601e-01 9.875675416844043042e-02 -5.885663721165058648e-01
-5.918167820416334601e-01 9.875675416844043042e-02 2.393484997906234757e-01
-6.000000000000000888e-01 7.347880794884120229e-17 6.194282624645394142e-01
-6.000000000000000888e-01 7.347880794884120229e-17 -2.543235535354025911e-01
-6.000000000000000888e-01 7.347880794884120229e-17 -1.467025406072391291e+00
-5.918167820416335712e-01 -9.875675416844030552e-02 -2.294396068216503437e+00
-5.918167820416335712e-01 -9.875675416844030552e-02 -2.760249490224233604e+00
-5.918167820416335712e-01 -9.875675416844030552e-02 -2.881661852933435686e+00
-5.674903450203809818e-01 -1.948196815228100676e-01 -2.422749026668969741e+00
-5.674903450203809818e-01 -1.948196815228100676e-01 -1.415604470713051510e+00
-5.674903450203809818e-01 -1.948196815228100676e-01 -2.775104933140942753e-01
-5.276842507238935776e-01 -2.855684358222441710e-01 8.415423698974364708e-01
-5.276842507238935776e-01 -2.855684358222441710e-01 1.963607621190865515e+00
-5.276842507238935776e-01 -2.855684358222441710e-01 2.736115966717395764e+00
-4.734843056378362780e-01 -3.685276276138007567e-01 2.876985423678200871e+00
-4.734843056378362780e-01 -3.685276276138007567e-01 1.886744240344657042e+00
-4.734843056378362780e-01 -3.685276276138007567e-01 1.614258917831498774e+00
-4.063689429754449023e-01 -4.414343464038787967e-01 1.164520940905849455e+00
-4.063689429754449023e-01 -4.414343464038787967e-01 1.683932641383532047e-01
-4.063689429754449023e-01 -4.414343464038787967e-01 -1.140318909250912505e+00
-3.281688948734561850e-01 -5.022998869575171499e-01 -1.618389437593803049e+00
-3.281688948734561850e-01 -5.022998869575171499e-01 -4.541486855071997786e-01
-3.281688948734561850e-01 -5.022998869575171499e-01 1.220127876822127977e+00
-2.410172547917819597e-01 -5.494639959930344153e-01 1.567791691641731378e+00
-2.410172547917819597e-01 -5.494639959930344153e-01 5.021795726280617878e-01
-2.410172547917819597e-01 -5.494639959930344153e-01 -7.427594607776660807e-01
-1.472912922844795136e-01 -5.816401595635982691e-01 -1.440064820595170048e+00
-1.472912922844795136e-01 -5.816401595635982691e-01 -1.745534318867827839e+00
-1.472912922844795136e-01 -5.816401595635982691e-01 -2.072223236971942217e+00
-4.954760728339965142e-02 -5.979506958040019526e-01 -2.575495769446507044e+00
-4.954760728339965142e-02 -5.979506958040019526e-01 -2.970594337454274481e+00
-4.954760728339965142e-02 -5.979506958040019526e-01 -2.772802119072783178e+00
4.954760728339943632e-02 -5.979506958040019526e-01 -1.895158845610877663e+00
4.954760728339943632e-02 -5.979506958040019526e-01 -7.833320433305757113e-01
4.954760728339943632e-02 -5.979506958040019526e-01 2.564418661262875543e-01
1.472912922844792916e-01 -5.816401595635983801e-01 1.337291064068177437e+00
1.472912922844792916e-01 -5.816401595635983801e-01 2.397790410923622328e+00
1.472912922844792916e-01 -5.816401595635983801e-01 2.967119506259858319e+00
2.410172547917817654e-01 -5.494639959930345263e-01 2.818638695133263816e+00
2.410172547917817654e-01 -5.494639959930345263e-01 2.309523937655425296e+00
2.410172547917817654e-01 -5.494639959930345263e-01 -2.421289569988052670e-02
3.281688948734560185e-01 -5.022998869575173719e-01 1.093952470277353151e-01
3.281688948734560185e-01 -5.022998869575173719e-01 3.452651375997006222e-01
3.281688948734560185e-01 -5.022998869575173719e-01 2.656806876760933189e-01
4.063689429754444027e-01 -4.414343464038793519e-01 -4.736641909597980593e-01
4.063689429754444027e-01 -4.414343464038793519e-01 -1.700610517015217038e+00
4.063689429754444027e-01 -4.414343464038793519e-01 -2.423995720051670855e+00
4.734843056378361670e-01 -3.685276276138008678e-01 -1.564017134131304942e+00
4.734843056378361670e-01 -3.685276276138008678e-01 5.645668511099338760e-01
4.734843056378361670e-01 -3.685276276138008678e-01 2.218363630416516408e+00
5.276842507238933555e-01 -2.855684358222445596e-01 2.208599452130689755e+00
5.276842507238933555e-01 -2.855684358222445596e-01 1.070570241957568447e+00
5.276842507238933555e-01 -2.855684358222445596e-01 1.382477782954591276e-02
5.674903450203808708e-01 -1.948196815228102619e-01 -3.721904750255561334e-01
5.674903450203808708e-01 -1.948196815228102619e-01 -2.389898453482405816e-01
5.674903450203808708e-01 -1.948196815228102619e-01 -7.441362573252760342e-03
5.918167820416334601e-01 -9.875675416844076349e-02 -4.695785827758237885e-02
5.918167820416334601e-01 -9.875675416844076349e-02 -5.613114672049019926e-01
5.918167820416334601e-01 -9.875675416844076349e-02 -1.485162989989619930e+00
7.000000000000000666e-01 0.000000000000000000e+00 -2.391342874717149236e+00
7.000000000000000666e-01 0.000000000000000000e+00 -2.683693715893558984e+00
7.000000000000000666e-01 0.000000000000000000e+00 -2.143507109528299814e+00
6.928750093166529123e-01 9.962038679129961438e-02 -1.167395270017492326e+00
6.928750093166529123e-01 9.962038679129961438e-02 -2.212419418841920504e-01
6.928750093166529123e-01 9.962038679129961438e-02 6.784623373888244435e-01
6.716450815301482358e-01 1.972127897890007808e-01 1.673008719652054666e+00
6.716450815301482358e-01 1.972127897890007808e-01 2.504025890154080169e+00
6.716450815301482358e-01 1.972127897890007808e-01 2.643449950698270712e+00
6.367423967481630198e-01 2.907905091013204824e-01 1.979280204453987446e+00
6.367423967481630198e-01 2.907905091013204824e-01 9.902959390310449583e-01
6.367423967481630198e-01 2.907905091013204824e-01 2.409463011916577746e-01
5.888774729818269105e-01 3.784485722189183110e-01 -1.954329937847949727e+00
5.888774729818269105e-01 3.784485722189183110e-01 -1.587833164257956176e+00
5.888774729818269105e-01 3.784485722189183110e-01 -1.058335064032241313e+00
5.290247020479807993e-01 4.584025137616996037e-01 -5.567366819264694122e-01
5.290247020479807993e-01 4.584025137616996037e-01 -3.393434231028123471e-01
5.290247020479807993e-01 4.584025137616996037e-01 -6.555830676399019286e-01
4.584025137616997148e-01 5.290247020479807993e-01 -1.499826283772413671e+00
4.584025137616997148e-01 5.290247020479807993e-01 -2.346624482146478119e+00
4.584025137616997148e-01 5.290247020479807993e-01 -2.320008976558507907e+00
3.784485722189184220e-01 5.888774729818267994e-01 -9.867006564323513862e-01
3.784485722189184220e-01 5.888774729818267994e-01 9.867006564323503870e-01
3.784485722189184220e-01 5.888774729818267994e-01 2.320008976558507907e+00
2.907905091013205379e-01 6.367423967481629088e-01 2.346624482146479451e+00
2.907905091013205379e-01 6.367423967481629088e-01 1.499826283772415891e+00
2.907905091013205379e-01 6.367423967481629088e-01 6.555830676399030388e-01
1.972127897890008641e-01 6.716450815301482358e-01 3.393434231028119030e-01
1.972127897890008641e-01 6.716450815301482358e-01 5.567366819264688571e-01
1.972127897890008641e-01 6.716450815301482358e-01 1.058335064032241091e+00
9.962038679129958663e-02 6.928750093166529123e-01 1.587833164257955954e+00
9.962038679129958663e-02 6.928750093166529123e-01 1.954329937847949727e+00
9.962038679129958663e-02 6.928750093166529123e-01 2.002825638153050924e+00
4.286263797015736595e-17 7.000000000000000666e-01 1.594365331931792973e+00
4.286263797015736595e-17 7.000000000000000666e-01 6.702280674300488128e-01
4.286263797015736595e-17 7.000000000000000666e-01 -6.010677874391373576e-01
-9.962038679129951724e-02 6.928750093166530233e-01 -1.747792905417169473e+00
-9.962038679129951724e-02 6.928750093166530233e-01 -2.229232300959676394e+00
-9.962038679129951724e-02 6.928750093166530233e-01 -1.898189291979952564e+00
-1.972127897890007808e-01 6.716450815301482358e-01 -1.126686573147757109e+00
-1.972127897890007808e-01 6.716450815301482358e-01 -3.513208323533144606e-01
-1.972127897890007808e-01 6.716450815301482358e-01 3.513208323533132393e-01
-2.907905091013204268e-01 6.367423967481630198e-01 1.126686573147755110e+00
-2.907905091013204268e-01 6.367423967481630198e-01 1.898189291979950788e+00
-2.907905091013204268e-01 6.367423967481630198e-01 2.229232300959675506e+00
-3.784485722189183110e-01 5.888774729818269105e-01 1.747792905417175247e+00
-3.784485722189183110e-01 5.888774729818269105e-01 6.010677874391405773e-01
-3.784485722189183110e-01 5.888774729818269105e-01 -6.702280674300438168e-01
-4.584025137616995482e-01 5.290247020479809104e-01 -1.594365331931789864e+00
-4.584025137616995482e-01 5.290247020479809104e-01 -2.002825638153050480e+00
-4.584025137616995482e-01 5.290247020479809104e-01 -2.677989499718323341e+00
-5.290247020479807993e-01 4.584025137616997148e-01 -2.293638567667046324e+00
-5.290247020479807993e-01 4.584025137616997148e-01 -1.832413592572459171e+00
-5.290247020479807993e-01 4.584025137616997148e-01 -1.332736370024022454e+00
-5.888774729818267994e-01 3.784485722189184775e-01 -8.679248286336240792e-01
-5.888774729818267994e-01 3.784485722189184775e-01 -5.767668308213317330e-01
-5.888774729818267994e-01 3.784485722189184775e-01 -6.268176149907936923e-01
-6.367423967481630198e-01 2.907905091013204268e-01 -1.069594058054235131e+00
-6.367423967481630198e-01 2.907905091013204268e-01 -1.661208105715295424e+00
-6.367423967481630198e-01 2.907905091013204268e-01 -1.877691804963789401e+00
-6.716450815301482358e-01 1.972127897890007531e-01 -1.283981412302381164e+00
-6.716450815301482358e-01 1.972127897890007531e-01 -6.245004513516505540e-16
-6.716450815301482358e-01 1.972127897890007531e-01 1.283981412302379832e+00
-6.928750093166529123e-01 9.962038679129962826e-02 1.877691804963789401e+00
-6.928750093166529123e-01 9.962038679129962826e-02 1.661208105715295646e+00
-6.928750093166529123e-01 9.962038679129962826e-02 1.069594058054235353e+00
-7.000000000000000666e-01 8.572527594031473190e-17 6.268176149907935812e-01
-7.000000000000000666e-01 8.572527594031473190e-17 5.767668308213316219e-01
-7.000000000000000666e-01 8.572527594031473190e-17 8.679248286336235241e-01
-6.928750093166530233e-01 -9.962038679129947560e-02 1.332736370024022454e+00
-6.928750093166530233e-01 -9.962038679129947560e-02 1.832413592572459171e+00
-6.928750093166530233e-01 -9.962038679129947560e-02 2.293638567667046324e+00
-6.716450815301483468e-01 -1.972127897890006420e-01 2.677989499718323785e+00
-6.716450815301483468e-01 -1.972127897890006420e-01 2.935356903904609460e+00
-6.716450815301483468e-01 -1.972127897890006420e-01 2.969210983219467970e+00
-6.367423967481629088e-01 -2.907905091013205934e-01 2.637273336516430255e+00
-6.367423967481629088e-01 -2.907905091013205934e-01 1.822371776776750663e+00
-6.367423967481629088e-01 -2.907905091013205934e-01 5.828335507588537912e-01
-5.888774729818269105e-01 -3.784485722189183110e-01 -7.254101956830226738e-01
-5.888774729818269105e-01 -3.784485722189183110e-01 -1.574016250487476842e+00
-5.888774729818269105e-01 -3.784485722189183110e-01 -1.663025908984655077e+00
-5.290247020479809104e-01 -4.584025137616995482e-01 -1.180834597479675230e+00
-5.290247020479809104e-01 -4.584025137616995482e-01 -5.532658696808578913e-01
-5.290247020479809104e-01 -4.584025137616995482e-01 -5.551115123125782702e-16
-4.584025137616997148e-01 -5.290247020479807993e-01 5.532658696808558929e-01
-4.584025137616997148e-01 -5.290247020479807993e-01 1.180834597479673453e+00
-4.584025137616997148e-01 -5.290247020479807993e-01 1.663025908984655299e+00
-3.784485722189182555e-01 -5.888774729818269105e-01 1.574016250487478841e+00
-3.784485722189182555e-01 -5.888774729818269105e-01 7.254101956830226738e-01
-3.784485722189182555e-01 -5.888774729818269105e-01 -5.828335507588537912e-01
-2.907905091013204268e-01 -6.367423967481630198e-01 -1.822371776776750663e+00
-2.907905091013204268e-01 -6.367423967481630198e-01 -2.637273336516431144e+00
-2.907905091013204268e-01 -6.367423967481630198e-01 -2.969210983219466637e+00
-1.972127897890007808e-01 -6.716450815301482358e-01 -2.935356903904609460e+00
-1.972127897890007808e-01 -6.716450815301482358e-01 -2.149080779627968951e+00
-1.972127897890007808e-01 -6.716450815301482358e-01 -1.885624269470010272e+00
-9.962038679129968377e-02 -6.928750093166529123e-01 -1.628628219481138339e+00
-9.962038679129968377e-02 -6.928750093166529123e-01 -1.361130461285388726e+00
-9.962038679129968377e-02 -6.928750093166529123e-01 -1.071178029599297865e+00
-1.285879139104720978e-16 -7.000000000000000666e-01 -7.747375271195958701e-01
-1.285879139104720978e-16 -7.000000000000000666e-01 -5.343975502837380320e-01
-1.285879139104720978e-16 -7.000000000000000666e-01 -4.480128876220756950e-01
9.962038679129942009e-02 -6.928750093166530233e-01 -5.809752910496012168e-01
9.962038679129942009e-02 -6.928750093166530233e-01 -8.661336050083360272e-01
9.962038679129942009e-02 -6.928750093166530233e-01 -1.072087907944897944e+00
1.972127897890005865e-01 -6.716450815301483468e-01 -9.324130581329308498e-01
1.972127897890005865e-01 -6.716450815301483468e-01 -3.738058460845749553e-01
1.972127897890005865e-01 -6.716450815301483468e-01 3.738058460845755104e-01
2.907905091013202603e-01 -6.367423967481630198e-01 9.324130581329317380e-01
2.907905091013202603e-01 -6.367423967481630198e-01 1.072087907944897944e+00
2.907905091013202603e-01 -6.367423967481630198e-01 8.661336050083353610e-01
3.784485722189180334e-01 -5.888774729818270215e-01 5.809752910496008838e-01
3.784485722189180334e-01 -5.888774729818270215e-01 4.480128876220756950e-01
3.784485722189180334e-01 -5.888774729818270215e-01 5.343975502837383651e-01
4.584025137616997148e-01 -5.290247020479807993e-01 7.747375271195952040e-01
4.584025137616997148e-01 -5.290247020479807993e-01 1.071178029599297865e+00
4.584025137616997148e-01 -5.290247020479807993e-01 1.361130461285388726e+00
5.290247020479809104e-01 -4.584025137616994372e-01 1.628628219481138339e+00
5.290247020479809104e-01 -4.584025137616994372e-01 1.885624269470010717e+00
5.290247020479809104e-01 -4.584025137616994372e-01 2.149080779627969395e+00
5.888774729818269105e-01 -3.784485722189182555e-01 2.421571217240398255e+00
5.888774729818269105e-01 -3.784485722189182555e-01 2.672505810084977451e+00
5.888774729818269105e-01 -3.784485722189182555e-01 2.819449605151043592e+00
6.367423967481630198e-01 -2.907905091013204824e-01 2.723702106378744769e+00
6.367423967481630198e-01 -2.907905091013204824e-01 2.234260616067817118e+00
6.367423967481630198e-01 -2.907905091013204824e-01 1.307261187582122730e+00
6.716450815301482358e-01 -1.972127897890008363e-01 1.443952772083872127e-01
6.716450815301482358e-01 -1.972127897890008363e-01 -8.254740882028125393e-01
6.716450815301482358e-01 -1.972127897890008363e-01 -1.229029793704151219e+00
6.928750093166529123e-01 -9.962038679129972540e-02 -1.057392694886041262e+00
6.928750093166529123e-01 -9.962038679129972540e-02 -6.187877463300257563e-01
6.928750093166529123e-01 -9.962038679129972540e-02 -1.908427184124847353e-01
8.000000000000000444e-01 0.000000000000000000e+00 1.908427184124864562e-01
8.000000000000000444e-01 0.000000000000000000e+00 6.187877463300277547e-01
8.000000000000000444e-01 0.000000000000000000e+00 1.057392694886040152e+00
7.936917610515823451e-01 1.002665868514434067e-01 1.229029793704150331e+00
7.936917610515823451e-01 1.002665868514434067e-01 8.254740882028106519e-01
7.936917610515823451e-01 1.002665868514434067e-01 -1.443952772083914315e-01
7.748665289029048608e-01 1.989519097318838414e-01 -1.307261187582126727e+00
7.748665289029048608e-01 1.989519097318838414e-01 -2.234260616067824667e+00
7.748665289029048608e-01 1.989519097318838414e-01 -2.723702106378745658e+00
7.438211887106011000e-01 2.944996421477423798e-01 -2.819449605151042260e+00
7.438211887106011000e-01 2.944996421477423798e-01 -2.672505810084977007e+00
7.438211887106011000e-01 2.944996421477423798e-01 -2.421571217240397367e+00
7.010453440350908894e-01 3.854029392813722588e-01 -1.194369291166458513e+00
7.010453440350908894e-01 3.854029392813722588e-01 -1.065901933714569205e+00
7.010453440350908894e-01 3.854029392813722588e-01 -9.674347989798646186e-01
6.472135954999580498e-01 4.702282018339785097e-01 -8.824801671085600319e-01
6.472135954999580498e-01 4.702282018339785097e-01 -7.927728076347084762e-01
6.472135954999580498e-01 4.702282018339785097e-01 -6.823758256185078475e-01
5.831749019371292864e-01 5.476376847429510475e-01 -5.460825940626782282e-01
5.831749019371292864e-01 5.476376847429510475e-01 -4.004205193153329567e-01
5.831749019371292864e-01 5.476376847429510475e-01 -2.872670922657185599e-01
5.099391917989517520e-01 6.164105942206314914e-01 -2.553740935432085024e-01
5.099391917989517520e-01 6.164105942206314914e-01 -3.187281761161636084e-01
5.099391917989517520e-01 6.164105942206314914e-01 -4.221530906881322820e-01
4.286614359831973364e-01 6.754623404016121269e-01 -4.581236013782838956e-01
4.286614359831973364e-01 6.754623404016121269e-01 -3.401622959451104933e-01
4.286614359831973364e-01 6.754623404016121269e-01 -7.699732579580866043e-02
3.406234332520581276e-01 7.238616419728156615e-01 2.216691477280043066e-01
3.406234332520581276e-01 7.238616419728156615e-01 4.205914150601136048e-01
3.406234332520581276e-01 7.238616419728156615e-01 4.555308692855504216e-01
2.472135954999579721e-01 7.608452130361228472e-01 3.715898033732560335e-01
2.472135954999579721e-01 7.608452130361228472e-01 2.768364861539972521e-01
2.472135954999579721e-01 7.608452130361228472e-01 2.589177954703894002e-01
1.499050516685796197e-01 7.858298005829510435e-01 3.364818767803561816e-01
1.499050516685796197e-01 7.858298005829510435e-01 4.723217540461318031e-01
1.499050516685796197e-01 7.858298005829510435e-01 6.170581739683582700e-01
5.023241562345063388e-02 7.984213827426173138e-01 7.408678781652313639e-01
5.023241562345063388e-02 7.984213827426173138e-01 8.393456451081326986e-01
5.023241562345063388e-02 7.984213827426173138e-01 9.243997211965544469e-01
-5.023241562345072408e-02 7.984213827426173138e-01 1.013879167797178349e+00
-5.023241562345072408e-02 7.984213827426173138e-01 1.125486908094807115e+00
-5.023241562345072408e-02 7.984213827426173138e-01 1.273940190471489098e+00
-1.499050516685798695e-01 7.858298005829509325e-01 1.467969618050057434e+00
-1.499050516685798695e-01 7.858298005829509325e-01 1.703597833341913947e+00
-1.499050516685798695e-01 7.858298005829509325e-01 1.951394633277729662e+00
-2.472135954999580554e-01 7.608452130361228472e-01 2.140314648370177153e+00
-2.472135954999580554e-01 7.608452130361228472e-01 2.152595115086968658e+00
-2.472135954999580554e-01 7.608452130361228472e-01 1.858394023734285527e+00
-3.406234332520582386e-01 7.238616419728156615e-01 1.209323071166025887e+00
-3.406234332520582386e-01 7.238616419728156615e-01 3.438551712274112715e-01
-3.406234332520582386e-01 7.238616419728156615e-01 -4.242159907252460171e-01
-4.286614359831974475e-01 6.754623404016120158e-01 -8.055835380074153340e-01
-4.286614359831974475e-01 6.754623404016120158e-01 -7.595901487863782053e-01
-4.286614359831974475e-01 6.754623404016120158e-01 -4.843941550181406486e-01
-5.099391917989517520e-01 6.164105942206314914e-01 -1.912182233967479050e-01
-5.099391917989517520e-01 6.164105942206314914e-01 6.208420189357465035e-02
-5.099391917989517520e-01 6.164105942206314914e-01 3.323483560671219861e-01
-5.831749019371293974e-01 5.476376847429508254e-01 6.348321082435672835e-01
-5.831749019371293974e-01 5.476376847429508254e-01 8.270274927383937102e-01
-5.831749019371293974e-01 5.476376847429508254e-01 6.730363475794176598e-01
-6.472135954999579388e-01 4.702282018339786207e-01 7.426198342742024172e-02
-6.472135954999579388e-01 4.702282018339786207e-01 -7.866048100010962774e-01
-6.472135954999579388e-01 4.702282018339786207e-01 -1.574740735929418767e+00
-7.010453440350910004e-01 3.854029392813722033e-01 -2.050171236850246714e+00
-7.010453440350910004e-01 3.854029392813722033e-01 -2.177184845206441288e+00
-7.010453440350910004e-01 3.854029392813722033e-01 -2.059609526287779158e+00
-7.438211887106012110e-01 2.944996421477421578e-01 -1.829268331001752790e+00
-7.438211887106012110e-01 2.944996421477421578e-01 -1.581635599313759410e+00
-7.438211887106012110e-01 2.944996421477421578e-01 -1.365090683046076725e+00
-7.748665289029048608e-01 1.989519097318838414e-01 -4.104181305997058327e-01
-7.748665289029048608e-01 1.989519097318838414e-01 -3.886059476955527336e-01
-7.748665289029048608e-01 1.989519097318838414e-01 -3.560103066402219296e-01
-7.936917610515823451e-01 1.002665868514432818e-01 -2.514590377134834909e-01
-7.936917610515823451e-01 1.002665868514432818e-01 -1.223295458320525497e-01
-7.936917610515823451e-01 1.002665868514432818e-01 -1.146666469408646749e-01
-8.000000000000000444e-01 -2.572996239482618758e-16 -1.385066017592853915e-01
-8.000000000000000444e-01 -2.572996239482618758e-16 -5.290906601729261638e-17
-8.000000000000000444e-01 -2.572996239482618758e-16 1.385066017592854748e-01
-7.936917610515823451e-01 -1.002665868514434622e-01 1.146666469408647998e-01
-7.936917610515823451e-01 -1.002665868514434622e-01 1.223295458320522028e-01
-7.936917610515823451e-01 -1.002665868514434622e-01 2.514590377134832133e-01
-7.748665289029048608e-01 -1.989519097318840357e-01 3.560103066402217076e-01
-7.748665289029048608e-01 -1.989519097318840357e-01 3.886059476955527336e-01
-7.748665289029048608e-01 -1.989519097318840357e-01 4.104181305997053886e-01
-7.438211887106009890e-01 -2.944996421477427129e-01 4.846816913595450860e-01
-7.438211887106009890e-01 -2.944996421477427129e-01 6.683357828030360714e-01
-7.438211887106009890e-01 -2.944996421477427129e-01 1.010409082446185991e+00
-7.010453440350907783e-01 -3.854029392813723143e-01 1.413630256961562859e+00
-7.010453440350907783e-01 -3.854029392813723143e-01 1.356046419282765259e+00
-7.010453440350907783e-01 -3.854029392813723143e-01 3.844580451375264607e-01
-6.472135954999578278e-01 -4.702282018339787317e-01 -4.799492606480801338e-01
-6.472135954999578278e-01 -4.702282018339787317e-01 -3.486848949523456143e-01
-6.472135954999578278e-01 -4.702282018339787317e-01 -3.330669073875469621e-16
-5.831749019371292864e-01 -5.476376847429510475e-01 3.486848949523447816e-01
-5.831749019371292864e-01 -5.476376847429510475e-01 4.799492606480809664e-01
-5.831749019371292864e-01 -5.476376847429510475e-01 -3.844580451375240182e-01
-5.099391917989517520e-01 -6.164105942206314914e-01 -1.356046419282764148e+00
-5.099391917989517520e-01 -6.164105942206314914e-01 -1.413630256961563525e+00
-5.099391917989517520e-01 -6.164105942206314914e-01 -1.010409082446186657e+00
-4.286614359831970589e-01 -6.754623404016122379e-01 -6.683357828030369596e-01
-4.286614359831970589e-01 -6.754623404016122379e-01 -4.846816913595450860e-01
-4.286614359831970589e-01 -6.754623404016122379e-01 4.522761507132878056e-01
-3.406234332520577390e-01 -7.238616419728158835e-01 3.231318187683484000e-01
-3.406234332520577390e-01 -7.238616419728158835e-01 1.041174460866848062e+00
-3.406234332520577390e-01 -7.238616419728158835e-01 1.041174460866849394e+00
-2.472135954999580554e-01 -7.608452130361228472e-01 3.231318187683484000e-01
-2.472135954999580554e-01 -7.608452130361228472e-01 1.229303375935786730e-01
-2.472135954999580554e-01 -7.608452130361228472e-01 1.229303375935784509e-01
-1.499050516685797030e-01 -7.858298005829510435e-01 -2.743034704107870370e-02
-1.499050516685797030e-01 -7.858298005829510435e-01 4.817846984394314469e-01
-1.499050516685797030e-01 -7.858298005829510435e-01 1.502473664111867002e+00
-5.023241562345055755e-02 -7.984213827426173138e-01 2.264203620290642149e+00
-5.023241562345055755e-02 -7.984213827426173138e-01 1.982040211507318794e+00
-5.023241562345055755e-02 -7.984213827426173138e-01 9.595609481831802734e-01
5.023241562345098082e-02 -7.984213827426173138e-01 1.476281294439882319e-01
5.023241562345098082e-02 -7.984213827426173138e-01 -7.627524661406545614e-02
5.023241562345098082e-02 -7.984213827426173138e-01 -1.135960582303384425e-02
1.499050516685801193e-01 -7.858298005829509325e-01 3.468873791061782147e-02
1.499050516685801193e-01 -7.858298005829509325e-01 3.807261521776864055e-02
1.499050516685801193e-01 -7.858298005829509325e-01 2.048559970300859248e-02
2.472135954999578056e-01 -7.608452130361229582e-01 -5.382180658674336898e-02
2.472135954999578056e-01 -7.608452130361229582e-01 -4.911439176988183219e-01
2.472135954999578056e-01 -7.608452130361229582e-01 -3.013212219002793235e-01
3.406234332520581276e-01 -7.238616419728156615e-01 4.884070504316491146e-01
3.406234332520581276e-01 -7.238616419728156615e-01 1.678713119600044879e+00
3.406234332520581276e-01 -7.238616419728156615e-01 2.655411875737998528e+00
4.286614359831973364e-01 -6.754623404016121269e-01 2.878454460832323036e+00
4.286614359831973364e-01 -6.754623404016121269e-01 2.236304552441502835e+00
4.286614359831973364e-01 -6.754623404016121269e-01 1.066024867384663510e+00
5.099391917989519740e-01 -6.164105942206312694e-01 1.895741299641573452e-02
5.099391917989519740e-01 -6.164105942206312694e-01 -4.650290349162519155e-01
5.099391917989519740e-01 -6.164105942206312694e-01 -4.156573841147192527e-01
5.831749019371295084e-01 -5.476376847429506034e-01 -1.380463277632602015e-01
5.831749019371295084e-01 -5.476376847429506034e-01 5.954076203503635978e-02
5.831749019371295084e-01 -5.476376847429506034e-01 8.849785111540037219e-02
6.472135954999583829e-01 -4.702282018339780656e-01 6.163230959708201201e-02
6.472135954999583829e-01 -4.702282018339780656e-01 7.350799723225387439e-02
6.472135954999583829e-01 -4.702282018339780656e-01 9.025676177215913309e-02
7.010453440350908894e-01 -3.854029392813722588e-01 -1.705202092849050777e-02
7.010453440350908894e-01 -3.854029392813722588e-01 -2.830403641717700869e-01
7.010453440350908894e-01 -3.854029392813722588e-01 -8.992174587594180535e-01
7.438211887106012110e-01 -2.944996421477422688e-01 -1.000692918527341435e+00
7.438211887106012110e-01 -2.944996421477422688e-01 -6.386292252705443317e-01
7.438211887106012110e-01 -2.944996421477422688e-01 1.769649689013595428e-01
7.748665289029049719e-01 -1.989519097318835916e-01 1.150592705486927603e+00
7.748665289029049719e-01 -1.989519097318835916e-01 1.840253225705453355e+00
7.748665289029049719e-01 -1.989519097318835916e-01 2.090226176275841841e+00
7.936917610515823451e-01 -1.002665868514430320e-01 2.013375129282934939e+00
7.936917610515823451e-01 -1.002665868514430320e-01 1.551478931978110154e+00
7.936917610515823451e-01 -1.002665868514430320e-01 6.730815220616596095e-01
9.000000000000000222e-01 0.000000000000000000e+00 -2.763305722193712954e-01
9.000000000000000222e-01 0.000000000000000000e+00 -8.825656513290542904e-01
9.000000000000000222e-01 0.000000000000000000e+00 -1.000477847169520373e+00
8.945376095861545807e-01 9.900739889467136123e-02 -7.207666105391370426e-01
8.945376095861545807e-01 9.900739889467136123e-02 -2.509846077497958627e-01
8.945376095861545807e-01 9.900739889467136123e-02 1.540044810349695537e-01
8.782167443646921035e-01 1.968129820857382195e-01 3.108977093858303342e-01
8.782167443646921035e-01 1.968129820857382195e-01 2.444189844349970442e-01
8.782167443646921035e-01 1.968129820857382195e-01 1.303950213637945221e-01
8.512355175305711397e-01 2.922295222842151152e-01 1.015632393942502293e-01
8.512355175305711397e-01 2.922295222842151152e-01 1.823531248452198161e-01
8.512355175305711397e-01 2.922295222842151152e-01 2.957204306615955347e-01
8.139214446278197901e-01 3.840987919467632739e-01 2.674763105169248312e-01
8.139214446278197901e-01 3.840987919467632739e-01 -2.523968951078481987e-02
8.139214446278197901e-01 3.840987919467632739e-01 -4.939064744123551898e-01
7.667274679544944238e-01 4.713056225890900897e-01 -1.078994562477749497e+00
7.667274679544944238e-01 4.713056225890900897e-01 -1.346994501529721111e+00
7.667274679544944238e-01 4.713056225890900897e-01 -1.313591960336500941e+00
7.102264584567543615e-01 5.527914414207010241e-01 -9.462013091916419150e-01
7.102264584567543615e-01 5.527914414207010241e-01 -3.510714795044854730e-01
7.102264584567543615e-01 5.527914414207010241e-01 1.568758855499616245e-01
6.451042618516061866e-01 6.275671209845958831e-01 2.509528232358891886e-01
6.451042618516061866e-01 6.275671209845958831e-01 1.745252871080656479e-02
6.451042618516061866e-01 6.275671209845958831e-01 -7.089441852933292543e-02
5.721513733889712627e-01 6.947249858246887788e-01 1.480578664635321395e-01
5.721513733889712627e-01 6.947249858246887788e-01 2.639197152705590188e-01
5.721513733889712627e-01 6.947249858246887788e-01 -6.107609224085863708e-02
4.922533423101842498e-01 7.534498304362756693e-01 -6.619176503989233629e-01
4.922533423101842498e-01 7.534498304362756693e-01 -1.169702310776530751e+00
4.922533423101842498e-01 7.534498304362756693e-01 -1.371857243538027848e+00
4.063800224798004845e-01 8.030288147565545209e-01 -1.246185065336815612e+00
4.063800224798004845e-01 8.030288147565545209e-01 -8.567312399730327988e-01
4.063800224798004845e-01 8.030288147565545209e-01 -3.051422301742159338e-01
3.155737996734790385e-01 8.428601170773493134e-01 2.540278351389000377e-01
3.155737996734790385e-01 8.428601170773493134e-01 6.240949975048661891e-01
3.155737996734790385e-01 8.428601170773493134e-01 6.779029797747694319e-01
2.209369384267193259e-01 8.724602393453974036e-01 4.838738955599235503e-01
2.209369384267193259e-01 8.724602393453974036e-01 2.491174406507936645e-01
2.209369384267193259e-01 8.724602393453974036e-01 1.295826229433182375e-01
1.236182020365674261e-01 8.914698761737529509e-01 1.702190179998026853e-01
1.236182020365674261e-01 8.914698761737529509e-01 3.588613844650357931e-01
1.236182020365674261e-01 8.914698761737529509e-01 5.999024775552043165e-01
2.479890813134585578e-02 8.996582763224563184e-01 6.914017086977795046e-01
2.479890813134585578e-02 8.996582763224563184e-01 4.742069122494536604e-01
2.479890813134585578e-02 8.996582763224563184e-01 -1.441831927976877648e-02
-7.432141092509905733e-02 8.969260437060029290e-01 -5.930581224364100956e-01
-7.432141092509905733e-02 8.969260437060029290e-01 -9.674000860914215849e-01
-7.432141092509905733e-02 8.969260437060029290e-01 -1.254618686821382001e+00
-1.725395687313645565e-01 8.833063439271761075e-01 -1.389641220355280149e+00
-1.725395687313645565e-01 8.833063439271761075e-01 -1.345842114335802364e+00
-1.725395687313645565e-01 8.833063439271761075e-01 -1.122112383828950843e+00
-2.686633299015250831e-01 8.589645016915566922e-01 -8.152357466204510628e-01
-2.686633299015250831e-01 8.589645016915566922e-01 -6.648578422698484536e-01
-2.686633299015250831e-01 8.589645016915566922e-01 -9.311806017283144055e-01
-3.615258821876725093e-01 8.241959939895516785e-01 -1.588547680931641004e+00
-3.615258821876725093e-01 8.241959939895516785e-01 -2.175989961252393190e+00
-3.615258821876725093e-01 8.241959939895516785e-01 -2.175989961252393190e+00
-4.499999999999997891e-01 7.794228634059949812e-01 -1.588547680931641226e+00
-4.499999999999997891e-01 7.794228634059949812e-01 -9.311806017283152936e-01
-4.499999999999997891e-01 7.794228634059949812e-01 -6.648578422698487866e-01
-5.330117273984817938e-01 7.251885950948804282e-01 -8.152357466204502856e-01
-5.330117273984817938e-01 7.251885950948804282e-01 -1.122112383828949955e+00
-5.330117273984817938e-01 7.251885950948804282e-01 -1.345842114335802142e+00
-6.095534144631667983e-01 6.621515196058185282e-01 -1.389641220355279483e+00
-6.095534144631667983e-01 6.621515196058185282e-01 -1.254618686821382001e+00
-6.095534144631667983e-01 6.621515196058185282e-01 -9.674000860914219180e-01
-6.786959487992065831e-01 5.910768216429611588e-01 -5.494043362512289752e-01
-6.786959487992065831e-01 5.910768216429611588e-01 -2.983999054971685216e-02
-6.786959487992065831e-01 5.910768216429611588e-01 5.179920274298227545e-01
-7.396000337027205385e-01 5.128272517592397106e-01 9.555200540699336775e-01
-7.396000337027205385e-01 5.128272517592397106e-01 1.127227136156971898e+00
-7.396000337027205385e-01 5.128272517592397106e-01 9.820526136634085690e-01
-7.915263760858400888e-01 4.283526537333663398e-01 6.463715801175082820e-01
-7.915263760858400888e-01 4.283526537333663398e-01 3.275841656972094951e-01
-7.915263760858400888e-01 4.283526537333663398e-01 1.548080131500438883e-01
-8.338446604933216211e-01 3.386784347530520378e-01 1.548080131500437773e-01
-8.338446604933216211e-01 3.386784347530520378e-01 3.275841656972089400e-01
-8.338446604933216211e-01 3.386784347530520378e-01 6.463715801175075049e-01
-8.660412002783254293e-01 2.448931183608016315e-01 9.820526136634081249e-01
-8.660412002783254293e-01 2.448931183608016315e-01 1.127227136156972565e+00
-8.660412002783254293e-01 2.448931183608016315e-01 9.555200540699337886e-01
-8.877251730624501347e-01 1.481351312526606456e-01 5.179920274298250860e-01
-8.877251730624501347e-01 1.481351312526606456e-01 -2.983999054971560316e-02
-8.877251730624501347e-01 1.481351312526606456e-01 -5.494043362512267548e-01
-8.986333647899845678e-01 4.957898432027901814e-02 -6.678754067984826737e-01
-8.986333647899845678e-01 4.957898432027901814e-02 -8.851712812429473054e-01
-8.986333647899845678e-01 4.957898432027901814e-02 -1.040576001893470881e+00
-8.986333647899846788e-01 -4.957898432027878916e-02 -1.124773754644397661e+00
-8.986333647899846788e-01 -4.957898432027878916e-02 -1.118087841095613433e+00
-8.986333647899846788e-01 -4.957898432027878916e-02 -1.019906013511384657e+00
-8.877251730624502457e-01 -1.481351312526604236e-01 -8.990146150276505654e-01
-8.877251730624502457e-01 -1.481351312526604236e-01 -9.222857226406023790e-01
-8.877251730624502457e-01 -1.481351312526604236e-01 -1.279947886062583029e+00
-8.660412002783254293e-01 -2.448931183608014372e-01 -1.988345650806478515e+00
-8.660412002783254293e-01 -2.448931183608014372e-01 -2.742862818495368060e+00
-8.660412002783254293e-01 -2.448931183608014372e-01 -3.071978808166882402e+00
-8.338446604933216211e-01 -3.386784347530518158e-01 -2.742862818495368948e+00
-8.338446604933216211e-01 -3.386784347530518158e-01 -1.988345650806479625e+00
-8.338446604933216211e-01 -3.386784347530518158e-01 -1.279947886062583473e+00
-7.915263760858401998e-01 -4.283526537333661732e-01 -9.222857226406024900e-01
-7.915263760858401998e-01 -4.283526537333661732e-01 -8.990146150276498993e-01
-7.915263760858401998e-01 -4.283526537333661732e-01 -1.019906013511383769e+00
-7.396000337027206495e-01 -5.128272517592394886e-01 -1.118087841095613211e+00
-7.396000337027206495e-01 -5.128272517592394886e-01 -1.124773754644397883e+00
-7.396000337027206495e-01 -5.128272517592394886e-01 -1.040576001893471103e+00
-6.786959487992066942e-01 -5.910768216429609367e-01 -8.851712812429473054e-01
-6.786959487992066942e-01 -5.910768216429609367e-01 -6.678754067984828957e-01
-6.786959487992066942e-01 -5.910768216429609367e-01 -3.814411468359755197e-01
-6.095534144631670204e-01 -6.621515196058184172e-01 -1.191072433071727402e-02
-6.095534144631670204e-01 -6.621515196058184172e-01 4.377993576489809802e-01
-6.095534144631670204e-01 -6.621515196058184172e-01 9.147496676217035105e-01
-5.330117273984824600e-01 -7.251885950948800952e-01 1.297137322429278150e+00
-5.330117273984824600e-01 -7.251885950948800952e-01 1.434818794833824240e+00
-5.330117273984824600e-01 -7.251885950948800952e-01 1.259739533685635848e+00
-4.500000000000003997e-01 -7.794228634059945371e-01 8.708238718597767214e-01
-4.500000000000003997e-01 -7.794228634059945371e-01 4.709977074696637955e-01
-4.500000000000003997e-01 -7.794228634059945371e-01 2.105053929875734531e-01
-3.615258821876728978e-01 -8.241959939895515674e-01 1.257241695665229086e-01
-3.615258821876728978e-01 -8.241959939895515674e-01 2.105053929875728702e-01
-3.615258821876728978e-01 -8.241959939895515674e-01 4.709977074696629629e-01
-2.686633299015254717e-01 -8.589645016915565812e-01 8.708238718597761663e-01
-2.686633299015254717e-01 -8.589645016915565812e-01 1.259739533685634738e+00
-2.686633299015254717e-01 -8.589645016915565812e-01 1.434818794833824240e+00
-1.725395687313649729e-01 -8.833063439271759965e-01 1.297137322429278150e+00
-1.725395687313649729e-01 -8.833063439271759965e-01 9.147496676217035105e-01
-1.725395687313649729e-01 -8.833063439271759965e-01 4.377993576489801475e-01
-7.432141092509947367e-02 -8.969260437060029290e-01 -1.191072433071635808e-02
-7.432141092509947367e-02 -8.969260437060029290e-01 -3.814411468359747426e-01
-7.432141092509947367e-02 -8.969260437060029290e-01 -3.579467568232094776e-01
2.479890813134543598e-02 -8.996582763224563184e-01 -4.811817464336302641e-01
2.479890813134543598e-02 -8.996582763224563184e-01 -5.883839340176759691e-01
2.479890813134543598e-02 -8.996582763224563184e-01 -6.816130171639621649e-01
1.236182020365669959e-01 -8.914698761737530619e-01 -7.512873862496288746e-01
1.236182020365669959e-01 -8.914698761737530619e-01 -7.809652452711506321e-01
1.236182020365669959e-01 -8.914698761737530619e-01 -7.636451108813148148e-01
2.209369384267188818e-01 -8.724602393453974036e-01 -7.300540630179591650e-01
2.209369384267188818e-01 -8.724602393453974036e-01 -7.683166105896827025e-01
2.209369384267188818e-01 -8.724602393453974036e-01 -9.934172948192102615e-01
3.155737996734786499e-01 -8.428601170773494244e-01 -1.448928728062200300e+00
3.155737996734786499e-01 -8.428601170773494244e-01 -2.008684210516723745e+00
3.155737996734786499e-01 -8.428601170773494244e-01 -2.403133282142063010e+00
4.063800224798001515e-01 -8.030288147565547430e-01 -2.403133282142062566e+00
4.063800224798001515e-01 -8.030288147565547430e-01 -2.008684210516721969e+00
4.063800224798001515e-01 -8.030288147565547430e-01 -1.448928728062199855e+00
4.922533423101839167e-01 -7.534498304362758914e-01 -9.934172948192099284e-01
4.922533423101839167e-01 -7.534498304362758914e-01 -7.683166105896823694e-01
4.922533423101839167e-01 -7.534498304362758914e-01 -7.300540630179591650e-01
5.721513733889709297e-01 -6.947249858246890009e-01 -7.636451108813151478e-01
5.721513733889709297e-01 -6.947249858246890009e-01 -7.809652452711505211e-01
5.721513733889709297e-01 -6.947249858246890009e-01 -7.512873862496282085e-01
6.451042618516059646e-01 -6.275671209845961052e-01 -6.816130171639617208e-01
6.451042618516059646e-01 -6.275671209845961052e-01 -5.883839340176759691e-01
6.451042618516059646e-01 -6.275671209845961052e-01 -4.811817464336301531e-01
7.102264584567541394e-01 -5.527914414207012461e-01 -3.579467568232090890e-01
7.102264584567541394e-01 -5.527914414207012461e-01 -2.055122626423859511e-01
7.102264584567541394e-01 -5.527914414207012461e-01 -2.526182532008987291e-03
7.667274679544943128e-01 -4.713056225890902562e-01 2.731956062090126758e-01
7.667274679544943128e-01 -4.713056225890902562e-01 6.279479532423105637e-01
7.667274679544943128e-01 -4.713056225890902562e-01 1.025313338775948990e+00
8.139214446278196791e-01 -3.840987919467635514e-01 1.365949204089945690e+00
8.139214446278196791e-01 -3.840987919467635514e-01 1.511946777275759102e+00
8.139214446278196791e-01 -3.840987919467635514e-01 1.375847433235823036e+00
8.512355175305711397e-01 -2.922295222842153928e-01 1.011208432684780334e+00
8.512355175305711397e-01 -2.922295222842153928e-01 5.913283845454092580e-01
8.512355175305711397e-01 -2.922295222842153928e-01 2.770895625994530542e-01
8.782167443646921035e-01 -1.968129820857384693e-01 1.251847759062571230e-01
8.782167443646921035e-01 -1.968129820857384693e-01 1.251847759062575116e-01
8.782167443646921035e-01 -1.968129820857384693e-01 2.770895625994541089e-01
8.945376095861545807e-01 -9.900739889467161103e-02 5.913283845454080367e-01
8.945376095861545807e-01 -9.900739889467161103e-02 1.011208432684782332e+00
8.945376095861545807e-01 -9.900739889467161103e-02 1.375847433235823702e+00
9.807852804032304306e-01 1.950903220161282481e-01 1.511946777275759324e+00
9.807852804032304306e-01 1.950903220161282481e-01 1.365949204089944802e+00
9.807852804032304306e-01 1.950903220161282481e-01 1.025313338775945438e+00
9.238795325112867385e-01 3.826834323650897818e-01 6.279479532423100085e-01
9.238795325112867385e-01 3.826834323650897818e-01 2.731956062090110660e-01
9.238795325112867385e-01 3.826834323650897818e-01 -2.526182532010022054e-03
8.314696123025452357e-01 5.555702330196021776e-01 -2.055122626423867560e-01
8.314696123025452357e-01 5.555702330196021776e-01 -1.492692060297560463e-01
8.314696123025452357e-01 5.555702330196021776e-01 -2.018666732670508224e-01
7.071067811865475727e-01 7.071067811865474617e-01 -2.534755811267049852e-01
7.071067811865475727e-01 7.071067811865474617e-01 -3.083227539029246844e-01
7.071067811865475727e-01 7.071067811865474617e-01 -3.661210683239538022e-01
5.555702330196022887e-01 8.314696123025451246e-01 -4.212145147318597238e-01
5.555702330196022887e-01 8.314696123025451246e-01 -4.631486722283837398e-01
5.555702330196022887e-01 8.314696123025451246e-01 -4.819533513738359920e-01
3.826834323650898373e-01 9.238795325112867385e-01 -4.800169954687413809e-01
3.826834323650898373e-01 9.238795325112867385e-01 -4.849124238339163617e-01
3.826834323650898373e-01 9.238795325112867385e-01 -5.473055740834261718e-01
1.950903220161283036e-01 9.807852804032304306e-01 -7.103394785933625499e-01
1.950903220161283036e-01 9.807852804032304306e-01 -9.630173182425079137e-01
1.950903220161283036e-01 9.807852804032304306e-01 -1.219867816699308660e+00
6.123233995736766036e-17 1.000000000000000000e+00 -1.360789322778967358e+00
6.123233995736766036e-17 1.000000000000000000e+00 -1.311485172782065112e+00
6.123233995736766036e-17 1.000000000000000000e+00 -1.098497229573894174e+00
-1.950903220161281926e-01 9.807852804032304306e-01 -8.292190365443204980e-01
-1.950903220161281926e-01 9.807852804032304306e-01 -6.151719517444437235e-01
-1.950903220161281926e-01 9.807852804032304306e-01 -5.054984561577970936e-01
-3.826834323650897263e-01 9.238795325112867385e-01 -4.787750048099594924e-01
-3.826834323650897263e-01 9.238795325112867385e-01 -4.825412918224204484e-01
-3.826834323650897263e-01 9.238795325112867385e-01 -4.757578562016215873e-01
-5.555702330196019556e-01 8.314696123025454577e-01 -4.445699577321671758e-01
-5.555702330196019556e-01 8.314696123025454577e-01 -3.945769276662142722e-01
-5.555702330196019556e-01 8.314696123025454577e-01 -3.370733400529562496e-01
-7.071067811865474617e-01 7.071067811865475727e-01 -2.803960478952563506e-01
-7.071067811865474617e-01 7.071067811865475727e-01 -2.274338512638067744e-01
-7.071067811865474617e-01 7.071067811865475727e-01 -1.761147084710502075e-01
-8.314696123025453467e-01 5.555702330196021776e-01 -1.201626867921236075e-01
-8.314696123025453467e-01 5.555702330196021776e-01 -4.908682409214294023e-02
-8.314696123025453467e-01 5.555702330196021776e-01 5.223591414698828400e-02
-9.238795325112867385e-01 3.826834323650898373e-01 2.026518809473245308e-01
-9.238795325112867385e-01 3.826834323650898373e-01 4.191273528008927496e-01
-9.238795325112867385e-01 3.826834323650898373e-01 7.026193098553016325e-01
-9.807852804032304306e-01 1.950903220161285812e-01 1.016775524418279453e+00
-9.807852804032304306e-01 1.950903220161285812e-01 1.275380761300701993e+00
-9.807852804032304306e-01 1.950903220161285812e-01 1.367543422766972050e+00
-1.000000000000000000e+00 1.224646799147353207e-16 1.229322025907576332e+00
-1.000000000000000000e+00 1.224646799147353207e-16 9.086060834145623932e-01
-1.000000000000000000e+00 1.224646799147353207e-16 5.437670622513877117e-01
-9.807852804032304306e-01 -1.950903220161283591e-01 2.633166766860322028e-01
-9.807852804032304306e-01 -1.950903220161283591e-01 1.145886721794815016e-01
-9.807852804032304306e-01 -1.950903220161283591e-01 8.658906253820985999e-02
-9.238795325112867385e-01 -3.826834323650896708e-01 1.725918484160658406e-01
-9.238795325112867385e-01 -3.826834323650896708e-01 3.879678949875678962e-01
-9.238795325112867385e-01 -3.826834323650896708e-01 7.221655745186409403e-01
-8.314696123025454577e-01 -5.555702330196019556e-01 1.084245548997581299e+00
-8.314696123025454577e-01 -5.555702330196019556e-01 1.327162495321695834e+00
-8.314696123025454577e-01 -5.555702330196019556e-01 1.348379544770338168e+00
-7.071067811865476838e-01 -7.071067811865474617e-01 1.160039858707273108e+00
-7.071067811865476838e-01 -7.071067811865474617e-01 8.601234498384309202e-01
-7.071067811865476838e-01 -7.071067811865474617e-01 5.536386866061556722e-01
-5.555702330196021776e-01 -8.314696123025452357e-01 3.019640564367078728e-01
-5.555702330196021776e-01 -8.314696123025452357e-01 1.200858936102439517e-01
-5.555702330196021776e-01 -8.314696123025452357e-01 -3.329259990180889750e-03
-3.826834323650903369e-01 -9.238795325112865164e-01 -8.734961762226492454e-02
-3.826834323650903369e-01 -9.238795325112865164e-01 -8.429259534628456840e-02
-3.826834323650903369e-01 -9.238795325112865164e-01 -1.333359566117926498e-01
-1.950903220161286644e-01 -9.807852804032303196e-01 -2.011010050331149268e-01
-1.950903220161286644e-01 -9.807852804032303196e-01 -2.593291292522917901e-01
-1.950903220161286644e-01 -9.807852804032303196e-01 -2.674627991822364215e-01
-1.836970198721029688e-16 -1.000000000000000000e+00 -2.939951850729728977e-01
-1.836970198721029688e-16 -1.000000000000000000e+00 -4.451590972643925115e-01
-1.836970198721029688e-16 -1.000000000000000000e+00 -5.565330989454438937e-01
1.950903220161282758e-01 -9.807852804032304306e-01 -4.451590972643929001e-01
1.950903220161282758e-01 -9.807852804032304306e-01 -2.939951850729729532e-01
1.950903220161282758e-01 -9.807852804032304306e-01 -2.674627991822360329e-01
3.826834323650900038e-01 -9.238795325112866275e-01 -2.593291292522916791e-01
3.826834323650900038e-01 -9.238795325112866275e-01 -2.011010050331147325e-01
3.826834323650900038e-01 -9.238795325112866275e-01 -1.333359566117926498e-01
5.555702330196018446e-01 -8.314696123025455687e-01 -8.429259534628455452e-02
5.555702330196018446e-01 -8.314696123025455687e-01 -4.846571306891241798e-02
5.555702330196018446e-01 -8.314696123025455687e-01 -1.705976814794079753e-03
7.071067811865474617e-01 -7.071067811865476838e-01 1.088664529365923755e-01
7.071067811865474617e-01 -7.071067811865476838e-01 3.791032602595430512e-01
7.071067811865474617e-01 -7.071067811865476838e-01 8.300793695182520082e-01
8.314696123025452357e-01 -5.555702330196021776e-01 1.092174269369738715e+00
8.314696123025452357e-01 -5.555702330196021776e-01 7.408008275519667452e-01
8.314696123025452357e-01 -5.555702330196021776e-01 2.288957328893190257e-01
9.238795325112865164e-01 -3.826834323650903924e-01 5.946217358760315375e-02
9.238795325112865164e-01 -3.826834323650903924e-01 2.288957328893182486e-01
9.238795325112865164e-01 -3.826834323650903924e-01 7.408008275519659680e-01
9.807852804032303196e-01 -1.950903220161287199e-01 1.092174269369738271e+00
9.807852804032303196e-01 -1.950903220161287199e-01 8.300793695182530074e-01
9.807852804032303196e-01 -1.950903220161287199e-01 3.791032602595437728e-01
1.000000000000000000e+00 0.000000000000000000e+00 1.088664529365929445e-01
1.000000000000000000e+00 0.000000000000000000e+00 -1.705976814793959189e-03
1.000000000000000000e+00 0.000000000000000000e+00 -4.846571306891238329e-02
