0.000000000000000000e+00
4.507319937230471751e-01
4.248803315521637591e-01
2.958785807450795002e-01
2.036262372076280969e-01
1.781699146929524857e-01
1.509167562757726122e-01
3.229636236489134837e-02
-2.585005363670113149e-03
-3.378119831968348641e-02
-1.453650180054759100e-01
-1.718921837686173681e-01
-1.993881903796395627e-01
-2.931187816852752759e-01
-4.230082580022254124e-01
-4.473955738752100064e-01
-2.994479786781520936e-01
-1.642186704113407503e-01
-1.127574682669590656e-01
-9.240059067068689957e-02
-1.470808743654921646e-01
-2.016242798764186772e-01
-3.356356678407013128e-02
3.389954610387354433e-02
1.662032257052049704e-03
-2.284435457791997304e-02
4.095416170957477675e-02
1.916906562089521482e-01
1.362698112067057821e-01
8.766664426778394970e-02
1.103723832269767058e-01
1.599296437607407861e-01
3.004772372640062694e-01
3.016391008670299412e-01
2.197646872227282111e-01
6.994572416092584288e-02
-3.642229967185746375e-02
-1.117096904492949350e-01
-2.541815555097067247e-01
-3.094886542165514731e-01
-2.938796554281465911e-01
-3.130516067294369931e-01
-2.591416239342884675e-01
-1.102306271723088454e-01
-3.100528186445297707e-02
7.470981584353472704e-02
2.224890416467921184e-01
3.024682286837941936e-01
2.217248410764157962e-01
1.026451258933477190e-01
3.075064145438956287e-02
-1.786462124642756999e-02
3.290986982987864629e-02
7.241794167466336640e-02
-1.162743626056079727e-01
-1.576999683257137852e-01
-1.102204972697179430e-01
-1.509208057238335399e-01
-1.105274535218289389e-01
6.713871598622256354e-02
2.325178153683882254e-02
-2.434796950988873943e-02
2.634294410077509668e-02
9.974489946122362671e-02
2.227603434691112771e-01
2.065564038842666039e-01
8.363265909403627685e-02
-6.016840813467561055e-02
-1.500925798409658007e-01
-2.017464574133962241e-01
-2.115326991286532454e-01
-8.772909809886209054e-02
1.500831694238240026e-03
8.776626360908718061e-02
2.073263103601000745e-01
1.978265558815584246e-01
1.468671095584215824e-01
5.805133575544452196e-02
-8.449990091685619098e-02
-2.085614528720866612e-01
-1.661684644881393502e-01
-1.634581639962233435e-02
9.318661036545548837e-02
1.405450890492420946e-01
2.373845195302189959e-01
3.131978468574945218e-01
1.048918867008437061e-01
-1.548118445303725554e-03
-1.108123572892481638e-03
-9.247554868755142321e-03
-1.112498077265562241e-01
-3.030723489426633277e-01
-2.284987257243810133e-01
-1.349847241910640816e-01
-9.291575122368256334e-02
1.642122795452084782e-02
1.652623785780345800e-01
1.974109568308816398e-01
3.193808960048109824e-02
-8.506083482699171305e-02
-1.071056095302258815e-01
-6.979409674501971250e-02
2.925446658321014665e-02
1.299305957291638502e-01
1.446138127322125211e-01
1.297271605826209873e-01
2.914233906781770952e-02
-6.961831247013613999e-02
-1.064912404533521068e-01
-8.456268851430578937e-02
3.222553593970908792e-02
1.979878219065410727e-01
1.947921294551825389e-01
3.097186435553648740e-02
-9.854554158757333759e-02
-1.280422395911448574e-01
-1.113902371384456191e-01
-8.134592886990840710e-02
3.301377554923547175e-02
1.153769768059819401e-01
1.311290016723251628e-01
1.134172206595902704e-01
3.170098427953316200e-02
-8.086478839948124664e-02
-1.113229107636519583e-01
-1.256431094215193500e-01
-9.685939023711453988e-02
2.858145898533665311e-02
1.927259430592868639e-01
4.248935332458633057e-02
-1.489093161356806749e-01
-2.135113923284082116e-01
-1.565543777224197020e-01
-5.776883250636703770e-02
8.017511465948751193e-02
9.164808265861859593e-02
-2.860250577383160325e-03
-9.680949030523698651e-02
-8.129583679539675867e-02
6.129564986552472894e-02
1.616467118788164903e-01
2.175746988575866236e-01
1.528786664068716994e-01
-3.838380543390629285e-02
-9.545390221770821970e-02
1.764326862125959253e-02
1.023189126749531330e-01
9.463797288853260936e-02
-3.001545730295235304e-02
-1.221862825752362824e-01
-2.401373212869938045e-02
1.399491011060170764e-02
2.310320745688296089e-03
-5.852897452580677062e-03
2.566412584366105365e-02
1.150150613371288266e-01
2.570589204056514254e-02
-9.596774539766986245e-02
-1.011404358437174023e-01
-2.138664351740564296e-02
9.428271576342148186e-02
1.046683107003171416e-02
-1.695895860855504145e-01
-1.627824644366599738e-01
-2.872783688039534655e-02
8.685188688388487122e-02
4.044380184452533999e-02
-1.010481068577365471e-01
-1.273471402355451920e-01
-1.042766252311680963e-01
3.385232651616311428e-02
8.277513906579335445e-02
-2.901374931983392857e-02
-1.623951340751232375e-01
-1.706514239290286561e-01
8.875688837613466067e-03
8.430475498594845740e-02
-1.125811093222566471e-02
-4.565472110955392376e-02
1.269212465013322411e-02
1.271402915830734115e-01
1.558337425545512356e-01
5.860285313946947405e-02
5.293071220299955248e-03
2.155455570734690976e-03
8.282515575116701501e-03
5.631467365933517932e-02
1.509055308904307113e-01
1.269019983476170621e-01
1.385267884831809654e-02
-4.432763367635374208e-02
-1.509537295793681594e-02
8.126996683753365258e-02
-9.242129919336063842e-03
-1.460663150857133830e-01
-6.891491566676127833e-02
7.957471006655225665e-02
1.454909352961500646e-01
-2.404436115831562470e-03
-1.118158390378573563e-01
1.180337549794539809e-04
1.104531145796966152e-01
1.147819929377118242e-03
-1.454103254398357026e-01
-7.904112092460235939e-02
6.906017424166734087e-02
1.451140576215107503e-01
7.667214275731002587e-03
-6.864256809080800104e-02
1.195834574980741277e-02
-5.012352286308946470e-03
-1.140830378205731632e-01
-1.699168108279859313e-01
-9.544168248400104748e-02
-7.873148065030682874e-02
-4.737534908505247611e-02
1.984989184304767566e-03
4.678112190420723182e-02
7.429620415915272336e-02
9.708330394024805576e-02
1.735517149829597372e-01
1.170866886962465964e-01
8.100454731993181334e-03
-1.327693866575853365e-02
6.531416557839825332e-02
-9.685145225869992713e-02
-1.619158948309412649e-01
-1.209993093951906677e-02
7.471342010106959974e-02
3.692445200966064378e-02
4.668691372401832795e-02
1.560319963767900497e-01
1.845799673412319708e-01
1.563565354753404246e-01
4.494243519196666065e-02
3.392120816917594539e-02
7.386052033402323858e-02
-9.613742506444982946e-03
-1.608698793041954400e-01
-9.777184100309249670e-02
-2.830726959916789881e-02
-8.292563251901799437e-02
-9.650474089771442915e-03
1.162267357510195082e-01
6.176019001699935285e-02
-1.448096779206741180e-01
-7.321616279554926665e-02
-7.301574092580291608e-02
-1.405925768848111934e-01
-8.207074919078270747e-02
-8.243444837955073157e-02
-1.424335416444763580e-01
6.749952958212976362e-02
1.234157153362167580e-01
-2.201631212459866007e-03
-8.447463776168512295e-02
-3.217922726718798476e-02
2.213283621788288483e-02
2.788804036414482823e-02
2.195463560645850576e-01
2.009179959767098400e-01
2.468208734611069405e-02
5.903920497044061466e-02
1.581985342291873375e-01
-3.894666549927977475e-03
-1.677186935727109640e-01
-6.446633130015380631e-02
-2.062523323253205587e-02
-1.937950636645190405e-01
-2.147446188633840014e-01
-2.008300958270944903e-02
-1.438916258456362542e-02
-5.678678545369182651e-02
-1.968674778047097354e-04
-8.581478969924374867e-02
-1.574217441545174290e-01
-2.165989983664442786e-01
-1.099685305593238321e-01
1.371086770697238222e-01
1.345801740293049720e-01
2.474274896260347453e-03
-1.253699346324795294e-01
-1.406675191780660805e-01
9.989124518989905832e-02
2.154635460853651652e-01
1.556603625978944527e-01
9.189633948479861147e-02
-1.576126861534535295e-03
5.383676178139192720e-02
2.707552169399467246e-02
7.489440190431634337e-02
2.436291823202462181e-01
8.871327944774057284e-02
-1.421263244400415293e-01
-1.442739241180301668e-01
-2.232856395451210951e-01
-3.148133381250546314e-01
-2.261299550636550748e-01
-1.565396136559151496e-01
-1.542494883472875222e-01
8.370246140127624024e-02
2.434059893816515052e-01
7.561108059144179550e-02
2.632439969216928549e-02
6.379221316038730105e-02
9.422673486354345151e-03
8.609692098327927090e-02
6.813603838998533169e-02
1.690287537485049008e-01
1.234507097142611143e-01
-1.853112219869494648e-01
-1.213961886619727149e-01
1.724118515432787255e-02
-1.138513275018633586e-01
-1.973104781801610086e-01
1.016732185142660838e-01
1.593552418933252557e-01
5.956189360575995378e-02
8.559166838920451159e-02
9.165414952524902903e-03
6.100001820079029025e-02
-3.250488629275385261e-02
5.389991689760208204e-02
1.311007625306926105e-01
-1.331903057716103123e-01
-2.450296076489315578e-01
-2.033237206953062148e-01
-2.452540707838669620e-01
-4.524608241242402198e-03
2.371954662832095329e-01
1.945646597012524737e-01
2.451642234445269852e-01
1.398100437570811982e-01
-1.316537224127383443e-01
-6.054245766090535913e-02
3.279352576212621329e-02
1.099358785547711881e-03
6.025395555050702678e-02
2.587478571697101465e-02
1.026786417419767172e-01
2.097438571950302755e-01
4.451249623591699289e-01
1.259221464186822681e-01
-9.180766007400806283e-02
5.554373888586789688e-04
7.792996987645423035e-02
-1.532712373589028565e-01
-4.379442445680200580e-01
-1.895141268071750262e-01
-9.605107638708727802e-02
-1.957409077346908971e-02
-4.935775391994472877e-02
8.211299429243951176e-04
1.412408851884788819e-03
6.468276453857582653e-02
-2.263742748752642711e-02
-2.623822385315060512e-01
-6.923611584613864611e-02
8.353216965435707186e-02
2.172162868630751476e-01
4.185025734176802681e-01
2.097521719929014428e-01
6.002880716504575137e-02
-9.486622639209976726e-02
-2.721866311878627376e-01
-1.221848527094693271e-02
7.088917411772473198e-02
-8.477223193965252590e-03
4.261326023669068097e-02
-1.359393830690234714e-02
-2.458808954370013400e-03
-1.030836288585386257e-01
-5.620997534519434069e-02
-2.044076124807636674e-01
8.832334824177209831e-02
1.627255582002197221e-01
3.603532866900673037e-02
1.601134100252797343e-01
4.649259712301698211e-02
-2.292527796029686926e-01
-3.486761213869987025e-02
-9.183848677700104379e-02
7.591439071295502661e-03
-8.965107315685713618e-03
3.861782198420370127e-02
1.964822609096021633e-02
1.813029325458518498e-02
-2.147000406028602426e-01
-3.103188031313653394e-01
8.717070268669036004e-02
2.262584363737522863e-01
2.716731914108497237e-01
1.544725030591063974e-02
-2.359198178233220533e-01
-2.031203401558039079e-01
-8.590216752258077182e-02
3.019973934690347028e-01
1.997292760475694040e-01
-2.543364172721681443e-02
-1.714979386478823753e-02
-1.238067149922577881e-01
-1.434894537515062352e-01
-1.660509066404866618e-01
-1.192395344085378783e-01
-7.889843505595364181e-01
-8.475779477108699167e-01
-9.587102371545080937e-02
1.298017850474073864e-01
7.482202882388894020e-03
-9.934651689078566328e-02
7.375820375229588666e-02
8.054562331871522041e-01
7.983153672343907825e-01
1.085372514618154205e-01
1.609363386915831640e-01
1.469682187032657350e-01
1.158160218625762516e-01
-1.103403258782112012e-01
-1.404045226456999140e-01
-3.702465724453803952e-01
-2.145483204253050002e-01
5.758634775531916439e-02
-4.059802173989940366e-02
-3.528492048633368738e-01
-7.470147537301239371e-01
-3.586354349463337643e-01
-4.667778347863463240e-02
4.436857604094326946e-02
-2.222202834583593967e-01
-3.607597219139137001e-01
-1.181515348190487480e-01
-1.013798566106323407e-01
7.520395819517883274e-03
8.221713338512909308e-02
1.717837658921708976e-01
2.396954411740618296e-01
1.046018558299393719e+00
6.552169977062221040e-01
-3.747230234830527529e-01
-5.587359109512992639e-01
-4.244164713808041833e-01
-5.214463421850967784e-01
-4.321357914126872091e-01
5.594421734453403072e-01
1.023236461852240931e+00
2.280884330623425549e-01
1.449689956186231699e-01
7.828228940682867287e-02
5.361190740931429111e-03
8.672659911622959683e-02
6.500801336286918253e-02
-3.416318923287892106e-02
3.519934460338929316e-01
1.480967850246785733e-01
-1.222948522957825052e-01
-1.682038069133733604e-01
-7.365714636950957675e-04
1.522820110057597209e-01
6.578221736606494618e-02
-1.737940954874497013e-01
-3.331259852833051704e-01
4.079468299350655358e-02
-7.748194486369502920e-02
-8.328444397878254080e-02
-1.261404488031657167e-01
-1.491856103820704271e-01
-1.674407630464769814e-01
-3.680581183896324271e-01
-1.069002590925422602e+00
1.356634587462438035e-02
5.169090098612749706e-01
1.455662726824642206e-01
1.624746287012706139e-02
-1.760644035978431443e-01
-6.297012407448252524e-01
-2.159645056982628653e-03
1.164292603442345975e+00
4.127129647226187581e-01
1.732011613775903403e-01
1.713236994226894072e-01
1.281177113660563749e-01
-1.067459418390867137e-01
-1.271887606824510519e-01
-1.379478371902742029e-01
3.201173629576157253e-01
-1.413832212057950233e-01
-2.207776927244843868e-01
2.827100321224657598e-01
8.189356605925648402e-01
3.195892455483023142e-01
-1.504610030020071543e-01
-1.614040613228245324e-01
2.454371409687530481e-01
-1.763432465311985109e-01
-1.395684561829959036e-01
-1.429793865278248810e-01
-7.638831279444753541e-02
-5.206763074946473002e-02
2.693792701487551788e-02
2.891231199100637861e-01
7.950855500361577732e-01
-5.509787973136268668e-01
-7.357517786901305312e-01
-2.174021269268696932e-01
-1.610785356881316299e-01
-2.219318676904211418e-01
-8.871420553270055187e-01
-6.671832091629525952e-01
8.382853286635731926e-01
3.391503741277936967e-01
1.572909093638812095e-02
-5.236191047566786383e-02
-6.631004813012782162e-02
-9.973240672291144859e-02
-5.247420277286876655e-03
1.528298872634487049e-02
-1.374830139887697061e-02
-4.621349173788702469e-04
2.706795851153572241e-01
3.928878880816210062e-01
3.609415781817404412e-01
3.955775571999334828e-01
2.751331282595227412e-01
1.121248939186525462e-04
-1.758104903877055758e-02
8.747596957571650289e-03
-8.013929730205412993e-03
-9.884001835940847691e-02
-2.034083366135673032e-01
-2.077216094676727631e-01
-1.709547086652279946e-01
-1.577945557392475828e-01
-2.110086613250841681e-02
1.047260951522873129e-01
-1.284312922880924135e-01
-1.611956560124655491e-01
-7.625280987095107987e-02
-1.539873377319397885e-01
-1.260370762504268438e-01
9.601375554241650678e-02
-3.040537991583857833e-02
-1.656925335636897645e-01
-1.772906129432748057e-01
-2.073264780533047857e-01
-2.013153141823487147e-01
8.721096532585491390e-02
2.565292917878824186e-01
2.963287707913268010e-01
2.803900015868994733e-01
2.671044343211779193e-01
2.270555663776417099e-01
7.812571190164366297e-02
-1.908727436451084294e-03
-8.116804012619420472e-02
-2.298001492584181848e-01
-2.679780590029516851e-01
-2.798990241034159387e-01
-2.962644018893422770e-01
-2.588598994481555726e-01
-8.850333365142705466e-02
1.283546217550939339e-01
2.283231894601875089e-01
2.363200168056203698e-01
2.162345346731165407e-01
2.749808410966476657e-01
3.121413405425715881e-01
9.572444699588673889e-02
-5.673034460068811582e-03
-1.108521149443627511e-03
-4.313976136056944105e-03
-1.008683990305554723e-01
-3.030253864005137410e-01
-2.694798087037032497e-01
-2.122600452962320194e-01
-2.382469635895089755e-01
-2.271057558617455840e-01
-1.256250765237779954e-01
1.554894126521052244e-01
3.092937006240476516e-01
2.930820684300999845e-01
2.177972110626047175e-01
1.305446239184344381e-01
-3.575466927955186364e-02
-1.540269923217141845e-01
-1.609082691056705205e-01
-1.542280585153550654e-01
-3.550468396113108660e-02
1.310655624330900881e-01
2.184945408737754002e-01
2.943982366086249081e-01
3.089181654245150010e-01
1.531669986153669782e-01
-8.000694626822821287e-02
-1.943635554478031491e-01
-1.928372316415611909e-01
-1.464740150757545267e-01
-1.509648401485486069e-01
-1.254441650465446534e-01
4.101536747729007948e-02
1.039752273855415743e-01
8.948517630893731978e-02
9.978862802998911263e-02
3.983261467013513024e-02
-1.212828839236014117e-01
-1.475372353374271583e-01
-1.442562169159956609e-01
-1.926629566435368313e-01
-1.948081114672076120e-01
-7.854274430687419040e-02
1.538416725775293425e-01
2.401179104814139820e-01
1.453711696017421784e-01
1.671362189444559193e-02
-8.411859928096741823e-02
-1.594030388669301357e-01
-9.704975952294503383e-02
1.780565084538791344e-03
1.026203480820156999e-01
1.674339092329810152e-01
8.743789397164453137e-02
-1.806304226886413372e-02
-1.465478291238974384e-01
-2.385701622269989775e-01
-1.520223057051748872e-01
4.611129725478356478e-02
1.202201497532714575e-01
7.032167559240512511e-02
2.044280900536210588e-03
-1.178718130938565534e-01
-2.347719471429943749e-01
-8.044436507033600470e-02
2.558413809336884670e-03
2.698170639016143554e-04
7.981503441373820340e-03
9.009314130018991618e-02
2.249609416969648445e-01
1.073551925949515207e-01
-8.084660757109285445e-03
-7.315671808748032412e-02
-1.238108174065574579e-01
-4.632855255486549584e-02
9.490084395387315963e-02
1.053946152232866224e-01
-4.037980015654331345e-02
-1.713807533593848520e-01
-2.159295347615847183e-01
-1.033769190369440427e-01
5.623296096346477868e-02
8.106856100917930741e-02
5.741151418341179646e-02
-9.951980345341655820e-02
-2.117435631057106860e-01
-1.689794862286119193e-01
-3.935010023004416324e-02
1.065229855424537353e-01
9.566412275860025627e-02
-5.914545428114033332e-02
-8.839578295026118138e-02
5.509256005675686185e-03
8.674207670900303813e-02
1.162030764870413679e-01
1.078753296767303860e-01
1.912942449736261541e-02
-5.869976893349817398e-02
-8.104335332328227448e-02
-5.918343202536118647e-02
2.198387006753649286e-02
1.079320668603248184e-01
1.101640508125592277e-01
8.379092777681473869e-02
1.882059442095115886e-03
-9.011869939621156012e-02
-5.702247682442711241e-02
1.153731324455649632e-01
4.843913020358717875e-02
-1.164915788798463192e-01
-1.871354771506625603e-01
-1.467942392200644874e-01
2.459257338221296912e-02
9.446276477264675675e-02
-2.873485371014812464e-03
-9.953037415204653293e-02
-2.739753252257277200e-02
1.481301008150862630e-01
1.895147760205227738e-01
1.182356886964853748e-01
-4.648637049446474601e-02
-1.122687137131153368e-01
5.734386295111984500e-03
1.842348508621232533e-02
-8.904294895814611477e-02
-1.569738955365954647e-01
-9.979920634965816495e-02
-1.393430914802140652e-02
-4.619645233114216820e-02
-3.563416820925860429e-02
-7.947606033227723162e-04
3.072429240785258531e-02
4.511722981130904253e-02
1.814442248629914711e-02
1.005441207798507403e-01
1.595585003111201494e-01
8.556006870607434089e-02
-2.170819730256597427e-02
-2.751574690011131252e-03
1.427140081949771766e-01
1.932344894675713798e-02
-1.231573309863823185e-01
-8.338315659045750228e-02
3.686419400229491716e-02
2.031199460130630324e-02
-1.156042987370844988e-01
-1.449963363229271329e-01
-1.161753073607488668e-01
2.042787700306619714e-02
3.665970715490345089e-02
-8.374908425480531715e-02
-1.234083937532634012e-01
1.701693954500715922e-02
1.381526299014473325e-01
5.376473278379791804e-02
3.795275529428025069e-02
1.197634363642364475e-01
1.355107042014186691e-01
1.357041156798608969e-02
-9.047228327498033074e-02
-8.307168114821163185e-03
2.228320800988614278e-02
2.375524680662897958e-03
1.735377296907476136e-02
-1.182323397618162061e-02
-8.891714994828661678e-02
1.517938382800968627e-02
1.389376940025614793e-01
1.188723926092646321e-01
3.297043584920182624e-02
5.469839933265070731e-02
3.725372774325145381e-02
-1.166219274475033818e-01
-2.053493396097528234e-01
-7.312606029174761879e-02
8.268179986807271120e-02
-1.384340629695117626e-02
-1.309442283932698292e-01
-2.398210404087588652e-04
1.327193862655334511e-01
2.169939782427191335e-02
-7.669209548479404004e-02
7.475386804645239858e-02
2.054781455508013499e-01
1.155673203693154683e-01
-3.650004102517331178e-02
1.103119151476815440e-02
-4.965789651102460976e-03
-7.120142024866242536e-02
-1.702214276762454778e-02
5.531101062368125321e-02
5.899207508045187232e-02
1.136314510340318135e-01
8.313382210479297596e-02
5.249304035279787764e-04
-7.338996020589200198e-02
-1.012342205104334453e-01
-6.635218862270354789e-02
-6.919574285967913796e-02
1.329556678226192536e-02
6.905454974693314707e-02
-3.971549465535112846e-04
-1.002460568787302830e-02
-2.867061733936713402e-02
-1.658216062203904939e-01
-1.546433242039392808e-01
2.121461334473302013e-02
1.149672474494357333e-01
1.063253128055149377e-01
1.933354852821777270e-01
2.464542208866816464e-01
1.905195092662503864e-01
1.043838579601615857e-01
1.218375542684144025e-01
3.109330078776558967e-02
-1.459241056438753681e-01
-1.587487084405446724e-01
-2.562346531035100683e-02
-7.499822149159464379e-02
-3.366965500739482059e-02
1.285817971238441965e-02
-1.015105439510919638e-01
-6.002060162110700592e-02
7.905482883720436893e-02
-8.026938799263970414e-02
-3.917577988469584521e-02
7.300787340249045854e-02
-2.692446782781710707e-02
-6.813065450541563872e-02
6.697957520435619816e-02
-8.614453077718896290e-02
-1.121802850276924918e-01
6.035012116024911222e-03
-4.205505678642174061e-02
-7.309019254730918236e-02
1.380930374791401738e-03
-7.347031208529225532e-02
8.372752936526318968e-02
2.408013294145210925e-01
1.577546120468688584e-01
1.363140215396497767e-01
2.089132307915379794e-01
-4.323179845137420894e-03
-2.226938067527599596e-01
-1.455580051925631224e-01
-1.548354493605837157e-01
-2.358303916787031218e-01
-8.035750575702810261e-02
7.623623325125206129e-02
1.060923034689555122e-03
7.491109854886898733e-02
7.268517122778975215e-02
8.038594147196199968e-02
2.002260887403053691e-01
2.979337473284861537e-01
2.775046172146250489e-01
-3.034701833413232241e-02
-1.142986992243227307e-01
-2.406889404474746395e-03
1.055406273543678941e-01
3.429388765945625556e-02
-2.673310655543583714e-01
-3.007689554432289580e-01
-1.930005661402142136e-01
-7.747951507184600017e-02
-7.689858313317279870e-02
-7.233469135107514769e-02
7.241491795565514755e-02
3.558638932635031088e-02
2.892674494965983834e-01
3.078377639516759467e-01
2.706709427898688902e-02
-7.051623621616393001e-02
-2.064533362158403051e-01
-3.544607415316582966e-01
-2.022711340421312620e-01
-6.764896452877593169e-02
2.440322445400804063e-02
3.031201876539784679e-01
2.868923625398289712e-01
3.958397635695794226e-02
7.780894221692283286e-02
1.552975892305126504e-02
-5.151902194575279370e-03
-6.071481792626147456e-02
-1.238543794606870585e-01
-1.380014860212748773e-01
-1.400624854521310136e-01
1.825295309739462246e-01
1.592323358021415780e-01
1.075526257225879051e-02
1.561821894776641018e-01
1.746436500165037542e-01
-1.529364702418903321e-01
-1.561251275112377490e-01
-1.160583318906849987e-01
-5.085953869776290576e-02
-1.530101396358616445e-02
7.398635830104929867e-03
8.323045467252720986e-02
4.114164335760399360e-02
2.506474940579311861e-01
3.619797366857929743e-02
-2.620669522889250147e-01
-2.478498296265381207e-01
-2.903142578344192204e-01
-1.588998676977309080e-02
2.678166045427207154e-01
2.597971249118641857e-01
2.917975609133056092e-01
-1.058270422647802737e-02
-2.335649894488898148e-01
-3.602967200918155699e-02
-7.569339648631548401e-02
-7.076957631834281115e-02
-1.174791928251029821e-01
-7.972973398691840519e-02
-1.049222301483494768e-01
-5.607203591109595209e-01
-7.264123501514845316e-01
-1.375324758444487205e-01
1.260773564380915923e-01
9.972253838168368412e-03
-9.331102043505574983e-02
1.581304391864728487e-01
7.032908291142818680e-01
5.187785176532161424e-01
8.945341649114621485e-02
8.465548086545293671e-02
1.048856087288124184e-01
7.136312562472418852e-02
-7.423168701401229586e-02
-1.067143942475749091e-01
-9.446195202858137518e-03
-3.946415239842789302e-01
-4.252824377732365435e-01
-1.347204960346940206e-01
1.582198548515473535e-01
4.488232286121777714e-01
1.435277954954015667e-01
-1.760913180142157919e-01
-4.508823677867903057e-01
-3.951403239163976955e-01
-1.409093413398759820e-03
-9.675233046452928753e-02
-7.024846224562469876e-02
-4.357333057619197647e-02
4.146036777446689137e-02
6.167503727801751379e-02
1.774804015162397552e-01
5.572759938894382703e-01
3.995144775430370387e-01
-2.478325970587752780e-01
-3.741047970122217681e-01
-2.583599654318988748e-01
-3.494785780585430990e-01
-2.574185542775539459e-01
3.435730233850083359e-01
5.002040680641421933e-01
1.488462317105589128e-01
5.569291895186821717e-02
2.972399071656525726e-02
-4.768641849889655726e-02
-2.915361023939139901e-02
-1.572645372414248344e-02
-3.684013260275589841e-02
-4.412801999634218264e-01
-8.229695276037964080e-02
2.135817467075582232e-01
2.582418095188658835e-01
4.357428630168453873e-03
-2.403462173132848434e-01
-1.808185838847347904e-01
9.668418110956882028e-02
4.284089929203424019e-01
2.546641975477589859e-02
4.139993398729835405e-03
9.077947090308728650e-03
-5.613945269902477497e-03
-2.294467426241128538e-02
-5.811751577814230907e-03
-1.728035196434751508e-01
-1.004028881677499208e-01
5.395254220180700777e-01
3.329173148738470700e-01
-1.410609364207878261e-02
6.508569602040651346e-03
-1.452470686895434952e-02
-3.555970892907935332e-01
-5.065880971704990188e-01
9.942307887547566225e-02
1.572511282883426453e-01
6.772438132066141425e-03
2.364439432121655249e-02
-5.574793281000516021e-03
1.710147181436749986e-01
1.813647665954416788e-01
1.056227249139673613e-01
-1.253542294864774254e-01
3.023692512540239186e-01
2.640603701353826382e-01
-2.581034112683028292e-01
-7.720411403161377972e-01
-2.801551914618055639e-01
2.163748574422781068e-01
2.840256908778238110e-01
-1.083766980478703124e-01
1.247805772981752520e-01
1.984119406083128534e-01
1.891500316938668491e-01
1.726184556708035001e-01
9.843145157857750849e-02
2.644756078154701651e-02
1.712015037487274183e-01
-3.943402087528236760e-03
-5.566178815149060988e-01
-1.134794712803516292e-01
3.063568150299991188e-01
2.724482831326169308e-01
2.951572564298862167e-01
-1.247618935426589026e-01
-5.741586734630295119e-01
-4.284647492695924098e-02
1.584375232831693181e-01
2.944221281804411394e-02
8.212365675940773435e-02
1.571103366945434954e-01
