0.000000000000000000e+00
-8.555210433999110853e-02
-3.924043844995985353e+00
2.106954606494635840e+00
-9.979313301348934573e+00
2.086409218021047707e+01
-9.443239736418863828e+00
1.085150921149256042e+00
3.384116069278267913e-01
-1.319568139863756651e+00
-1.212175044899157783e-01
-4.165892891679529031e-01
-2.902052194965962229e-01
-2.880743162239827737e-01
-2.798395719613270272e-01
-8.182832364262360159e-01
-2.450847618605085931e-01
2.376853176190887040e-01
-5.308907511376301791e+00
1.431411733536693021e+01
-3.034442465190933191e+00
-4.694608550533651226e+00
-4.986024942392033310e-01
-3.056330043394840934e-01
-2.386007642063087963e-01
-9.522759472388192536e-02
-1.084669835269587990e-01
-1.287079880298717116e-01
-1.892630388193985991e-02
-1.943380811378856432e-01
5.717864818627617363e-02
-5.792778968301450782e-01
1.727728089308379622e-01
-1.566742710226987356e-01
4.063908901365119952e+00
-1.342173215124265795e+01
5.600100510036987167e-01
9.368884787321041685e+00
-2.080363776184016356e+00
7.214210850397301256e-01
1.538915760890216256e-01
-2.981312910656637172e-01
7.752030945220050873e-02
-1.708039417093595302e-01
-9.239588010517239824e-02
-1.817475566479871407e-01
-1.590387014443390146e-01
-7.225858784201741880e-01
-1.253836765014337551e-01
2.473678557922034393e-01
-3.815643859345009936e+00
1.476221590905263170e+01
8.401156188846071737e-01
-1.374843246193092483e+01
3.539259390652638615e+00
-7.373253232121708134e-01
-3.951730988287809887e-01
5.033013142926865413e-01
7.035556661371233922e-03
1.309790522712923622e-01
1.380379884363351906e-01
2.800978973432739494e-01
-4.980063490360257458e-03
8.588229394504907077e-01
2.597536503884289444e-02
-4.380602831983448908e-01
1.431778123636176403e+01
-4.511544923420278508e+01
3.863460747393492767e+00
2.713403485892314038e+01
-4.883579716644979030e+00
2.237889424388415538e+00
7.078230361019293149e-01
-5.516446327154267415e-01
3.712459909265705127e-01
-8.602540594639662697e-02
1.078438589854646135e-01
-5.669289171102498415e-02
1.323813779066418117e-01
-6.755892649925732130e-02
-8.629982916807965587e-02
1.578099017434516638e-01
3.062278402028884017e-01
3.467003987784107011e+00
3.258564063461615312e+00
-9.823421731885556341e+00
3.982724993222177989e+00
-4.433066265423368790e-01
-8.018320095257780444e-02
6.786777683066982370e-01
1.515832310508096192e-01
3.568130026509185870e-01
4.201982025407552390e-01
9.422641067811123872e-01
9.878690207497117792e-02
2.969919531986301653e+00
1.066806467652427481e-01
-5.742165531305077897e-01
1.299336839336080196e+01
-4.763732052965918484e+01
-2.022922066631849702e+00
4.199578728822574902e+01
-1.111709912471477857e+01
3.116752757153266717e+00
8.903694030401492210e-01
-1.348630032883711305e+00
1.795282522209887821e-01
-3.289337523766856508e-01
-2.271050548432856919e-01
-3.051574552572181021e-01
-8.645610214833732154e-02
-1.201495936756564964e+00
-1.214952147241686875e-01
4.856752668819541707e-01
-8.635596840797983731e+00
1.922660975392243543e+01
-8.621253530479062732e+00
5.160889855796511938e+00
-5.450991152079927460e+00
2.175819070516171738e-01
3.168958297072196340e-01
-6.869737749864641696e-01
1.311513347506913230e-01
2.102641687908257326e-02
2.662971925314437938e-01
8.445769583862943186e-01
1.223346109955199962e-02
2.866512155079348201e+00
1.301755173722308201e-01
4.950736888579494455e-01
-4.338095182019957363e+00
3.077992118899283724e+01
1.372118772118721530e+01
-5.555805866657329517e+01
1.952851894593108284e+01
-3.495427103559123783e+00
-1.091621869903709019e+00
2.630723715113031602e+00
-8.182760272349620667e-02
7.628917652348935485e-01
4.044816230893572007e-01
5.259779052424268242e-01
3.623361970589485948e-01
1.403404041596914897e+00
4.506491639000522187e-01
-5.362859804390751606e-01
8.653761678109443523e+00
-2.655370338168784272e+01
2.628004888667075267e+00
1.533633206668797655e+01
-2.212347027686724310e+00
8.257651704427316774e-01
4.470050975799003679e-01
-3.607721278939965970e-01
6.814179208309574520e-02
-5.678474154000051621e-02
-2.891976570424042992e-01
-3.929270395979873598e-01
-1.658209047653863011e-01
-1.274360410687653822e+00
-3.451751412362380478e-01
3.537669502391033172e-01
-9.070215251072152540e+00
2.987153655069850089e+01
-1.246682140964369356e+00
-2.084837281199366643e+01
4.653928066014921150e+00
-1.611323360999091570e+00
-3.637692541254617939e-01
6.406141970479464209e-01
-1.849247520810020640e-01
3.734574047046121947e-01
2.059055195058178411e-01
4.118201184120172109e-01
3.667149311757412766e-01
1.632613274273010173e+00
3.005787062591399605e-01
-5.458669488469998221e-01
8.475403994676167230e+00
-3.288284748234767108e+01
-1.867693103605115645e+00
3.061815554254698668e+01
-7.856020169099868333e+00
1.636528036672037834e+00
8.585207344703764676e-01
-1.143417192932735249e+00
-2.798790404248447522e-02
-2.983793628947680743e-01
-3.071938100933238047e-01
-6.165297956236808208e-01
2.384338834163211851e-02
-1.888714093055153143e+00
-3.639097924288164226e-02
7.524445574168975304e-01
-2.151769520537965974e+01
7.288256443659173556e+01
-1.269511736639010735e+00
-5.502094208587715940e+01
1.277190670790497506e+01
-4.253190195072185098e+00
-1.358831660214077086e+00
1.571801562693017074e+00
-5.305401740226443064e-01
3.754276901110782383e-01
-1.336377838227098547e-02
2.369550831019587300e-01
-9.115935329487656613e-02
4.944993590549008333e-01
2.470330134913728826e-01
-3.700929559166750704e-01
2.214797504321998289e+00
-1.291391654773380715e+01
-3.822844218803869154e+00
1.846403642676727941e+01
-6.266122320231904297e+00
9.169364238472001993e-01
2.795900770892965626e-01
-1.064454558778795468e+00
-2.103407840822226205e-01
-5.435334661712987181e-01
-6.959371834239077570e-01
-1.444612748032540139e+00
-1.750667884095047644e-01
-4.545564573528594110e+00
-2.438114086589571183e-01
6.615679240826708440e-01
-1.561915542101090715e+01
5.715711236416562002e+01
2.461893605800695717e+00
-5.039966097474270157e+01
1.329864211964922660e+01
-3.773778746656704097e+00
-1.058811826598985428e+00
1.656664325988895348e+00
-1.853484008898046154e-01
4.062725062040591917e-01
2.701833612769992676e-01
3.769041159698790500e-01
1.317683647384837731e-01
1.477226187844101091e+00
1.561331829511068414e-01
-6.096922107447770856e-01
1.032538571868891708e+01
-2.303732403960257713e+01
1.038406909640654163e+01
-6.242114944650974273e+00
6.512023060095214255e+00
-2.972704744696632595e-01
-3.720052063448963109e-01
8.645634017026850859e-01
-1.273814786585710512e-01
-1.302508913444470201e-02
-3.215722532033779557e-01
-1.002149560132111539e+00
1.375493081034007137e-02
-3.402134265781505018e+00
-1.455936388385142000e-01
-8.011336535765841704e-01
7.925933960907476816e+00
-4.906517456526574961e+01
-1.872939559344815308e+01
8.144689099055730708e+01
-2.807540513031962703e+01
5.211279978823991854e+00
1.676821607013521342e+00
-3.737671012386868163e+00
1.635661569602141208e-01
-1.096508999475216850e+00
-5.524542293500263046e-01
-7.499054366967142782e-01
-5.207814478733345798e-01
-2.006985030721265328e+00
-6.377835362414174813e-01
8.224496507673637602e-01
-1.207107668881326568e+01
3.769847917470521281e+01
-3.276477121266767600e+00
-2.276039071714719242e+01
3.664945068732343714e+00
-1.231721446121841534e+00
-6.905751616351822886e-01
5.699204449664567740e-01
-7.602060619613218440e-02
1.412312458788718694e-01
4.595810470412862725e-01
6.787675867442981570e-01
2.753534035733783969e-01
2.205186332052493370e+00
4.922456643786219388e-01
-5.433392204865685748e-01
1.231676268660561746e+01
-4.056621245552579325e+01
1.691874473307860116e+00
2.831105619616716496e+01
-6.318575509162190684e+00
2.252630160058747943e+00
5.202264159935210408e-01
-8.862982564982309075e-01
2.191809902569081536e-01
-5.073113115819662955e-01
-2.798427223696378641e-01
-5.595369017885448715e-01
-4.661711154756029152e-01
-2.201889497401392504e+00
-4.341905038860899846e-01
6.785379021485179463e-01
-1.151685268725544731e+01
4.467136166657794405e+01
2.530443061775339508e+00
-4.158262557586939323e+01
1.066848594261487548e+01
-2.158561535439461387e+00
-1.139493702878000558e+00
1.536162414869075565e+00
5.979560108779896632e-03
4.049978384618296290e-01
4.171312598536528471e-01
8.372284123279035706e-01
-7.535749296305911671e-04
2.581463029386742214e+00
2.324507973954940965e-02
-9.897562256019701854e-01
2.751388061574009214e+01
-9.141359855501563914e+01
3.034467912151611380e+00
6.578815132205782845e+01
-1.453186004957917277e+01
5.201672055376356241e+00
1.610298471216832672e+00
-1.824859168392700903e+00
6.800703843460824682e-01
-4.002887884876255020e-01
6.182344017269900127e-02
-2.494324476628989595e-01
1.231009802378183332e-01
-4.974681160520442735e-01
-2.250067465504444475e-01
4.897659596910868829e-01
-2.032530752160783827e+00
1.403109389381011241e+01
5.225494396941398278e+00
-2.242027766619776941e+01
7.840873073581663633e+00
-1.142784308801283899e+00
-2.756773158032739257e-01
1.396466991908593025e+00
2.795358221697161749e-01
6.898373901064367431e-01
8.703950507779940615e-01
1.829628393053832180e+00
2.416652787956456994e-01
5.767459912226523322e+00
2.310687134215015648e-01
-9.970473904424661526e-01
2.216966160594666846e+01
-8.091749628369898062e+01
-3.504047459782649643e+00
7.148105417245405135e+01
-1.878749503645396146e+01
5.295304245515869646e+00
1.427183210953272496e+00
-2.359936282112767181e+00
2.864242603939556875e-01
-5.957069551686012820e-01
-4.068624966036432644e-01
-5.528824537262810868e-01
-1.605648805235482812e-01
-2.102623155236152286e+00
-2.952051103981139235e-01
8.037552694423573119e-01
-1.457867045280905316e+01
3.266874660691493659e+01
-1.472623278088423682e+01
8.941888589958846723e+00
-9.177750849002826783e+00
3.711137337245702938e-01
4.552392997379891559e-01
-1.238626249708753901e+00
2.041549052375400408e-01
-1.727819494492761204e-03
4.314411699212294948e-01
1.400227175177367611e+00
6.204191957899811947e-03
4.809129424319648294e+00
1.320541315851000708e-01
6.367492183434679820e-01
-1.957111293212779657e+00
3.181383860744807635e+01
2.146009485112072213e+01
-7.384126984116346648e+01
2.749827833311532999e+01
-4.579619713592067320e+00
-1.475436478464141832e+00
3.752390960808019482e+00
-5.101440090343600797e-02
1.103635007532351109e+00
6.385668157200610207e-01
7.811904774178097810e-01
5.888250221101635207e-01
2.093609212933841057e+00
7.168212697286826529e-01
-7.845842910205645948e-01
1.283004551629647594e+01
-3.831688554481711151e+01
4.934606548455337638e+00
1.957677778010130254e+01
-2.127120609345633184e+00
1.175081205896217451e+00
7.128783549222669214e-01
-3.514756980984157231e-01
1.909294793796754985e-01
2.505397695623245991e-02
-3.060386900491700590e-01
-3.123815384906346027e-01
-2.269222857849915731e-01
-1.014148996945042791e+00
-5.528351195969973819e-01
3.828825312281056714e-01
-7.604521131553399371e+00
2.512736027530810645e+01
-1.018860525737740552e+00
-1.759905239009427191e+01
3.925105823346671130e+00
-1.446435859030702709e+00
-2.550543444317711628e-01
5.236662151356933359e-01
-1.413600933671919080e-01
3.257061643213851054e-01
1.732289880507829338e-01
3.349824341388339399e-01
2.937370729632631239e-01
1.389903366186483247e+00
1.994880698861832002e-01
-3.727866559217519749e-01
7.139686926738645134e+00
-2.760693413273522623e+01
-1.545842872747778651e+00
2.565891238597995638e+01
-6.592161300035914273e+00
1.284287116940109552e+00
7.715759599064200280e-01
-9.755236251712601225e-01
-9.384209424139245553e-03
-2.391627937870055010e-01
-2.580248457874698143e-01
-5.287298103038478025e-01
5.429431707598947505e-03
-1.569855674314184268e+00
-8.256560540499298384e-02
5.118790874142147285e-01
-1.918688040314385290e+01
5.156032767873385581e+01
-1.253585792768518559e+01
-1.268088638810772828e+01
-2.606196413401929313e+00
-1.570410795565032380e+00
-4.552511994753089541e-01
-4.920047013930823887e-01
-4.554012048927043033e-01
-2.345261864353239689e-01
-3.621970229226513793e-01
-1.796120326436380088e-01
-3.733612909886977471e-01
-7.011166955410205182e-01
-7.927669812453762288e-02
-7.734356452482349376e-02
-4.700585118964995424e+00
8.221612345841599279e+00
-6.215761931630103376e+00
7.050995069667174597e+00
-4.707407407176453340e+00
2.365126747553498443e-01
-1.531236718816622877e-01
-8.329372759167708029e-01
-3.138555613481870399e-01
-5.206193356454599241e-01
-4.808243027057062524e-01
-1.202594515565122535e+00
-6.742816520730696150e-02
-3.678900117041459694e+00
-8.680233345583487914e-04
1.313041165427234924e+00
-2.681624188311190693e+01
9.781713512785958642e+01
4.229614094327035723e+00
-8.648331178828719601e+01
2.270512574069833889e+01
-6.295975209619398605e+00
-1.824962356549744813e+00
2.917169339805912642e+00
-3.436497749077488395e-01
7.110306757923939847e-01
5.114113933912589616e-01
6.607095589161544602e-01
1.930945622657966876e-01
2.613921327251029325e+00
2.550557540970802561e-01
-8.611008033724527611e-01
1.767449292177322206e+01
-3.958596584389630380e+01
1.791657578949646989e+01
-1.109806722676436763e+01
1.119865078572143702e+01
-3.535393707742654490e-01
-6.576395060986334196e-01
1.579185074670661937e+00
-2.465494166733048775e-01
-2.672300151363264653e-03
-5.017418778717392946e-01
-1.701929002020661219e+00
-4.731626222300014395e-03
-5.754789739923866776e+00
-2.545888441264885227e-01
-2.703550133980067161e-01
1.028502603436269069e+01
-2.790893877693948966e+01
6.777399767215503523e+00
7.291577830923831272e+00
1.261670955689838891e+00
8.755958705858335467e-01
2.413193678843894574e-01
1.989409622819158230e-01
2.382546267729130363e-01
1.072831925763793604e-01
1.831952897886338361e-01
9.799017134121271178e-02
2.235590266456543851e-01
3.542630192643940745e-01
1.051097800347933764e-01
3.600124361135764728e-02
2.506921900962156169e+00
-4.217773742180476404e+00
3.165055012994708150e+00
-3.962006111298646438e+00
2.531923662508360984e+00
-1.395020619639389947e-01
9.150463108812223467e-02
4.939476825921279013e-01
1.752893841419919108e-01
2.927094183615621681e-01
2.681055253057482712e-01
6.432431260722371036e-01
1.215164757667310663e-02
1.994896228301605623e+00
-6.138284422510875693e-02
-6.897863130472838833e-01
1.381013170842845206e+01
-5.061558555233112600e+01
-2.016652555073798148e+00
4.489085062743247079e+01
-1.179587811126389241e+01
3.278217780424190764e+00
8.572692358425961778e-01
-1.530285640681976478e+00
1.154480193642159619e-01
-4.065962815032698741e-01
-2.921619694727571881e-01
-3.763763983742259844e-01
-1.559358246778566603e-01
-1.356159948452396735e+00
-2.238728225790543314e-01
4.364675536723056082e-01
-9.177777579562476973e+00
2.038038131094556604e+01
-9.077838441067537900e+00
5.916426863075057163e+00
-5.837756129753549850e+00
2.040423348950309856e-01
2.538367924267043163e-01
-8.371800074135891112e-01
6.507617960603621909e-02
-3.778242781932578814e-02
2.312774427408610112e-01
8.447771960731764729e-01
-5.312476064419781319e-02
2.965698830123437713e+00
4.256425470992947213e-02
3.076860217076539672e-01
-8.341432672769251155e-01
1.678572155367038476e+01
1.196004922327562348e+01
-3.996168731191769297e+01
1.492446978819756964e+01
-2.480934737919080035e+00
-8.201545474054303675e-01
1.984959989755269660e+00
-1.999021993625887950e-02
5.964551602632042204e-01
3.553313690741961017e-01
4.369286051665222104e-01
3.544176456408183462e-01
1.175186237415901225e+00
3.972098309623491863e-01
-3.925044782400393673e-01
7.013151044489836394e+00
-2.099956755515976425e+01
2.593858361119556477e+00
1.054493848786371579e+01
-1.058540475777374201e+00
6.468453211390171598e-01
4.129684789148735380e-01
-1.222636963961182266e-01
1.048074658482671673e-01
2.531574912599160454e-02
-1.651207502550652850e-01
-1.667032844858350460e-01
-1.527156250994508579e-01
-5.382824144226403540e-01
-3.080502173231253749e-01
3.145108888553144189e-01
-6.566040807090344877e+00
2.200259086977571243e+01
-9.123371851605937000e-01
-1.537156181017896373e+01
3.321167909172581201e+00
-1.241606634949068866e+00
-2.792231156808686054e-01
4.845963478844178551e-01
-1.191489016737007078e-01
2.847192483430022736e-01
1.508399893377325718e-01
2.912837788697607566e-01
2.519199395222414539e-01
1.183101721109742765e+00
2.299419708742924118e-01
-3.461030387779751583e-01
6.317224955531894892e+00
-2.407912192349655101e+01
-1.370512779534292402e+00
2.242649075431708994e+01
-5.867257413490838402e+00
1.143542753444688920e+00
6.185414039511987205e-01
-8.258719277910979706e-01
-3.913486094541323429e-03
-2.086776544017195922e-01
-2.259031469239820289e-01
-4.638671440963600956e-01
-3.593199517275963428e-05
-1.402522061754292615e+00
-1.748952216518229880e-02
7.080650778354398156e-01
-1.782646669551667884e+01
5.945858318798440223e+01
-2.263779291679208328e+00
-4.264798887514827896e+01
9.246773729055798086e+00
-3.333990972133008768e+00
-1.003075066265545434e+00
1.194690166936695164e+00
-4.092283781745305049e-01
2.733767071108513247e-01
-3.724164039205746235e-02
1.679261850748034468e-01
-1.023292714577213325e-01
2.981980477643139116e-01
1.138810637667930781e-01
-3.806185593147143331e-01
1.130175378879489045e+00
-8.921311169024036758e+00
-3.290730362342062509e+00
1.468641034670580225e+01
-5.038521652774719861e+00
7.064394434365849351e-01
1.363666225050818026e-01
-9.360211870089949482e-01
-2.180059205857643456e-01
-4.692177991892644284e-01
-5.729580301656723718e-01
-1.202262913726224847e+00
-1.384811319556574216e-01
-3.743328991966339281e+00
-1.191065507474324270e-01
7.256464642719312463e-01
-1.397079399112033826e+01
5.122760082092500511e+01
2.005981873529013804e+00
-4.547140699712496570e+01
1.196177037504204854e+01
-3.288807669282066914e+00
-8.510382107879883584e-01
1.547488393901820691e+00
-1.319402563438378806e-01
3.937650521002148407e-01
2.754512392011718713e-01
3.635785818513163625e-01
1.438495092074450199e-01
1.372402972117802378e+00
2.431887075416888644e-01
-4.149142902726801752e-01
9.307602512570596787e+00
-2.067187952710349919e+01
9.151677813344283763e+00
-5.988021834203104632e+00
5.922260305182131646e+00
-1.750365479027694571e-01
-2.393959447888150682e-01
8.447139232376899010e-01
-8.088342082965647994e-02
1.998951049649458356e-02
-2.546654426410435157e-01
-8.730523808431033261e-01
3.951097673836909130e-02
-3.004253502792186836e+00
-2.675556140666894567e-02
-6.092821518589618401e-01
6.589205692900248934e+00
-4.170219453358066630e+01
-1.619198752172494693e+01
6.924521958631824248e+01
-2.379763920129096277e+01
4.524644532891438864e+00
1.449530626361088315e+00
-3.184864578413609593e+00
1.370293334965838050e-01
-9.261680641747447318e-01
-4.739693383340514155e-01
-6.442326917572318568e-01
-4.524894480110022710e-01
-1.749063506219755482e+00
-6.252551217350929003e-01
6.296484538310138657e-01
-1.023600359776408375e+01
3.232203645468607789e+01
-2.633833979906552880e+00
-1.931550064761934848e+01
2.982204361474536380e+00
-1.143583373580102869e+00
-6.130457648770334389e-01
4.814923223676025321e-01
-6.647686032418581581e-02
1.093401061004709018e-01
3.909347584044788881e-01
5.769644897790137117e-01
2.411933995222156624e-01
1.895714438289028303e+00
5.012014819449787106e-01
-4.844371260690841785e-01
1.081202832748803644e+01
-3.628642997454401353e+01
1.504176760293452153e+00
2.535549439095808566e+01
-5.463218808881919131e+00
2.012491336755894533e+00
4.174392317744933800e-01
-8.094039119718278164e-01
2.051563364864478489e-01
-4.507359114703546887e-01
-2.482239169690266534e-01
-4.976775114982456838e-01
-4.231123847003789296e-01
-1.937450347252503757e+00
-3.355262111308310313e-01
6.039768773679674574e-01
-1.041582331456845800e+01
3.964338985507532698e+01
2.259269909813002464e+00
-3.692569682614765014e+01
9.677013473487278361e+00
-1.917708811758509713e+00
-1.061885551998663635e+00
1.350100954418655297e+00
1.523082523083198712e-02
3.621983164423113744e-01
3.725524247724675830e-01
7.466287533024297263e-01
-7.925955796166461037e-03
2.322946537571267900e+00
7.205068276045828446e-02
-1.013112072067094749e+00
2.507969138967613532e+01
-8.562743228031246190e+01
1.624667632497335035e+00
6.504915322234668906e+01
-1.496111250205008858e+01
4.946875102376303346e+00
1.508310960548554291e+00
-1.904333802487004457e+00
6.082992850023608566e-01
-4.554650488814119269e-01
6.011715559680969045e-03
-2.764599486137085949e-01
9.804289254547726706e-02
-5.958008731098115573e-01
-2.657878542462569493e-01
5.651918342516771832e-01
-2.466137343735477661e+00
1.529232956777173946e+01
4.270386440086673119e+00
-2.199876749019164990e+01
7.252393995215475897e+00
-1.022139267740452828e+00
-2.397089161859957129e-01
1.299110939419292787e+00
2.603000033288687676e-01
6.490449310048097553e-01
8.251295781592182799e-01
1.692168538411624290e+00
2.135821295253907959e-01
5.345055405794173709e+00
2.611643154595293392e-01
-9.674667019146065972e-01
1.859068022534198406e+01
-6.838100363039454521e+01
-2.665931728191002659e+00
6.066251605165142280e+01
-1.603340747894367979e+01
4.382592205497344295e+00
1.194323451806237779e+00
-2.021318903551047708e+00
1.884302202477457222e-01
-5.288872357177825112e-01
-3.593853922291428415e-01
-4.895998649841858952e-01
-1.822920202853622051e-01
-1.791324772059740944e+00
-2.655552869251407433e-01
5.552628443978616657e-01
-1.248599352833721632e+01
2.762716105631128372e+01
-1.218878019896019360e+01
7.894352542338174850e+00
-7.949252753503457392e+00
2.231302679799215261e-01
3.757423674860504437e-01
-1.079881460182985142e+00
1.200354042907953722e-01
-2.889607306038911860e-02
3.485662914779550370e-01
1.161564390313370110e+00
-4.216350488165040988e-02
4.051961907033174271e+00
9.527689757477186827e-02
6.878197479276524362e-01
-6.817979861268323560e+00
4.812513252828848920e+01
2.122040721410262876e+01
-8.556818100727271315e+01
2.988817371638445408e+01
-5.475082536230785557e+00
-1.729834987484441422e+00
4.012980067059430667e+00
-1.666979752896604328e-01
1.179738742893411629e+00
6.230640944610104093e-01
8.298079018787692940e-01
5.991014185854909302e-01
2.188655519866200549e+00
7.567442596436483315e-01
-7.472156080463481231e-01
1.321700039055046716e+01
-4.101142338381193042e+01
3.749580210105369904e+00
2.360984266773149898e+01
-3.314202279982595201e+00
1.352988510242641107e+00
7.318527313593642392e-01
-5.329050056257195189e-01
1.380190509458398551e-01
-1.007790014137505963e-01
-4.545205616684794281e-01
-6.393022714238498772e-01
-3.009423029789434212e-01
-2.034101662471928140e+00
-5.956328244477910872e-01
4.439904450819214810e-01
-1.139835822242991270e+01
3.820833828587911540e+01
-1.588577596921477264e+00
-2.669234653848235439e+01
5.762198440327834348e+00
-2.051958096250306784e+00
-4.471640137269426440e-01
7.962741320245683152e-01
-1.975403451746441941e-01
4.829784802866066706e-01
2.602149902536295967e-01
5.117131782084951563e-01
4.243269881675634236e-01
2.086367552930352254e+00
3.589523753313322296e-01
-6.991209419420061355e-01
1.090793825526041338e+01
-4.156783346493779874e+01
-2.370558289124408802e+00
3.871778337130336922e+01
-1.013426298777860701e+01
2.076838653062376139e+00
1.106395233001347123e+00
-1.471685394002784530e+00
2.281259369662380892e-03
-3.705148030225511313e-01
-3.922102284723686383e-01
-7.958347058174265465e-01
-1.115983695267783356e-02
-2.390443156670104319e+00
-6.897000039498371593e-02
8.505793736433597818e-01
-2.604560570811024789e+01
8.287804363149155051e+01
-7.050949316631806241e+00
-5.075400997778437073e+01
9.203791481017777443e+00
-4.119389772405061656e+00
-1.306581357101228580e+00
1.119144800875424117e+00
-6.154932794942766794e-01
1.986190152244393103e-01
-1.736157364158359973e-01
1.104084466587786084e-01
-2.195239111041116797e-01
5.024619266352603475e-02
1.254865580489591959e-01
-3.422500332511329013e-01
-5.580090943355573430e-01
-6.854483760480088783e+00
-5.682029975177508518e+00
1.855742912142216028e+01
-7.289938756474294124e+00
8.020337070501165622e-01
1.529394338903347639e-01
-1.316271595180237952e+00
-3.382008456487004544e-01
-6.811834311153309729e-01
-7.877830637375771161e-01
-1.723860835991785301e+00
-1.995693672241418970e-01
-5.341617123661004385e+00
-1.598291928781948867e-01
1.204212826246033430e+00
-2.515345525978592178e+01
9.277102775931417966e+01
3.666559122894481160e+00
-8.229853031463686364e+01
2.183536672230571796e+01
-6.049760002080610377e+00
-1.654686096807423734e+00
2.810710738896065486e+00
-3.039617491650111747e-01
7.047679873415213514e-01
5.020801847681315433e-01
6.528918349294056123e-01
2.015480678564056383e-01
2.502138840993129776e+00
3.274439510702733536e-01
-8.618019626661921340e-01
1.702481620853701116e+01
-3.756907048377230041e+01
1.656205919725942266e+01
-1.058640843591740754e+01
1.082846546080488537e+01
-4.005521790567840856e-01
-5.397750024553429338e-01
1.528047332965975391e+00
-2.115215282205713532e-01
2.506015371768845548e-02
-4.586084296900773682e-01
-1.588933382222376567e+00
8.873886991844607414e-03
-5.427192304457900462e+00
-1.639855347737833036e-01
-1.351886440007482593e-01
-7.427808869479616050e+00
4.362718522052517756e+00
-1.891099652949128895e+01
3.847892994665645006e+01
-1.749856511790111924e+01
1.948682056435008469e+00
7.427617605861061012e-01
-2.461072469537710639e+00
-1.737002357481462755e-01
-7.565224474194693904e-01
-5.503726780415096886e-01
-5.543546861936227144e-01
-5.273229223491638917e-01
-1.609515724054662034e+00
-4.809779954943819158e-01
4.235291126716526078e-01
-1.000378890916150354e+01
2.684854972566011355e+01
-5.473376576864245280e+00
-8.535399430421385603e+00
-1.042997843203610442e+00
-5.179819825599875083e-01
-5.656399803120618630e-01
-1.811253267612239204e-01
-2.621967702811271450e-01
-2.647535773498576606e-01
-3.331644234697989093e-02
-3.581449627340319020e-01
1.082587706617644530e-01
-1.038045518059782957e+00
3.460133267162881499e-01
