0.000000000000000000e+00
3.619528849618898676e+03
2.156185112130399830e+03
1.127946659539357370e+03
5.328068144685430525e+02
-1.662435573685080783e+02
-1.241020322099868054e+03
-2.532431242983827360e+03
-3.661647798540604072e+03
-1.423035032400684486e+03
2.314294831626847736e+04
1.109341289406144060e+05
-1.036851453627334267e+05
1.028371531378670479e+05
2.814422618019889705e+04
-1.165101417951218991e+03
-4.723095798650969300e+03
-3.559165317566104477e+03
-2.118299301303186439e+03
-1.103202794667269700e+03
-4.990964885837971678e+02
2.064906339724272186e+02
1.286825583981153613e+03
2.585428012535857306e+03
3.688604686382489490e+03
1.482395591122864744e+03
-2.317668201569347002e+04
-1.089212042764822108e+05
1.075687994195585052e+05
-1.029043963988626929e+05
-2.817018909545744464e+04
1.032839456332242662e+03
4.715348211861950404e+03
1.208303171027066583e+02
9.715590972004598314e+01
5.281414941664742457e+01
2.386295640608972946e+01
-7.827333497773368620e+00
-5.388504201674548000e+01
-7.140511240253793801e+01
2.278674901197232430e+02
2.110884262339241104e+03
7.460831171761617952e+03
-8.835122241985171058e+03
7.558555599120134616e+01
9.083702529299194794e+03
-7.323020896657310004e+03
-2.045394252096210039e+03
-1.667195133540823235e+02
1.223586955622170507e+02
1.000456342154420213e+02
5.366578947906360497e+01
2.558553637792212143e+01
-7.366393718752680009e+00
-5.550789475562184094e+01
-6.775980934333288985e+01
2.313591731161859002e+02
2.114210045424171312e+03
7.443046826357469399e+03
-9.161855533376778112e+03
-5.197729294917564147e+01
8.872502455816646034e+03
-7.471038975487626885e+03
-2.050889951825226944e+03
-1.755524539704397284e+02
-3.260334617568148133e+03
-1.856249793650252286e+03
-9.157050544206751965e+02
-3.384404568657212167e+02
3.802624972985197473e+02
1.448678198575750685e+03
2.691248080270140235e+03
3.497844629729836925e+03
-7.360682739238920931e+02
-3.188167479950127017e+04
-1.002809264859071118e+05
1.082527670453062747e+05
-1.173297941522801411e+05
-1.634823742687128288e+04
4.508950572202571493e+03
4.861323118778058415e+03
3.195567058414199437e+03
1.811700104146175818e+03
8.868171558757861703e+02
2.974318214219749734e+02
-4.293761999118815424e+02
-1.504956491656557773e+03
-2.747457769487178211e+03
-3.527189761547022044e+03
6.706265637287463051e+02
3.188947522918417235e+04
9.789854869904430234e+04
-1.122901424154748092e+05
1.170418069510758505e+05
1.611957033308133032e+04
-4.388724966751695320e+03
-4.869205153762944065e+03
-8.781930696531628200e+03
-6.610073299383011545e+03
-5.495754756427937537e+03
-6.300338053640143698e+03
-8.234430778043721148e+03
-9.403538299933366943e+03
-9.503391431729607575e+03
-9.563440759326011175e+03
-6.017029841640924133e+03
2.912495117200171808e+04
1.540582946121505520e+05
-1.616123373704620753e+05
1.516833473608121567e+05
2.853245085512851801e+04
-7.935872511949244654e+03
-1.071863110085564949e+04
-8.724396512912731851e+03
-6.593923610026565257e+03
-5.496896681209009330e+03
-6.289554924162567659e+03
-8.237481798760663878e+03
-9.433114241873399806e+03
-9.563232354970363303e+03
-9.582471571831800247e+03
-6.079004901978752969e+03
2.919544667589524761e+04
1.512780370070089994e+05
-1.670922961207459448e+05
1.515367080553394626e+05
2.839534704787292867e+04
-7.735167456071914785e+03
-1.069278352527751849e+04
-3.513425496569861025e+03
-2.090754461799165256e+03
-1.129424349038378068e+03
-6.097561850039159026e+02
-3.052671523585345881e+01
8.906592361388245536e+02
2.071675076201491720e+03
3.660032565128444276e+03
5.052576259539153398e+03
-8.924304695291499229e+03
-1.271742492234459642e+05
1.170356330413124815e+05
-9.677233987817363231e+04
-3.257458332502701523e+04
9.215580411604755682e+02
4.699386358299441781e+03
3.458795079511638505e+03
2.058879638992001674e+03
1.108365960476029841e+03
5.805767440803108457e+02
-2.825183315054914601e+00
-9.266717917530170325e+02
-2.127907956019882022e+03
-3.693381309987918485e+03
-5.106753849958336104e+03
9.009356834726720990e+03
1.257907103442068328e+05
-1.206931135265666235e+05
9.690834600874419266e+04
3.261442400456999167e+04
-7.909781845472957684e+02
-4.679190644796845845e+03
-3.519371186126814450e+02
-2.146354232170337752e+02
-1.124548707011744000e+02
-5.301108753119120109e+01
9.796288103759994925e+00
1.173440852577192430e+02
2.450781229079068169e+02
-6.492458743839647184e+01
-3.875264989072450589e+03
-1.933711414020667144e+04
2.294407180886991773e+04
-1.862226494738021643e+02
-2.352999971094507055e+04
1.901371332434449141e+04
3.717634041826911016e+03
-7.304778642567652014e+01
-3.558058279241818127e+02
-2.225680431881446566e+02
-1.138609562413611513e+02
-5.669749270335305624e+01
9.134489247094155218e+00
1.214293805398932307e+02
2.374609691875293151e+02
-7.121631411974668424e+01
-3.851619205490075274e+03
-1.926316365766589297e+04
2.373071363561828184e+04
1.245522949943148348e+02
-2.304188635758384044e+04
1.930762505600898294e+04
3.720904040848586192e+03
-4.688640478059372185e+01
2.584276416888146741e+03
1.456466173563933353e+03
6.980279518394631850e+02
2.184817837274535748e+02
-4.015451733374613923e+02
-1.314968599599248364e+03
-2.435309081758817683e+03
-3.543775731764954344e+03
-9.072337245138073740e+02
3.111739885235788825e+04
1.001757441951394285e+05
-1.279131479303020169e+05
1.346473185465252027e+05
1.590009089521701753e+03
-6.846519919407119232e+03
-4.188279524496754675e+03
-2.518620019931257502e+03
-1.406655474497192472e+03
-6.679041546145416532e+02
-1.726372219208597869e+02
4.553571604124183523e+02
1.375142740175277140e+03
2.499550337390157893e+03
3.582594842284737751e+03
9.935065450128404336e+02
-3.111771253492020332e+04
-9.790294238343123288e+04
1.319434452460222528e+05
-1.339646262082424073e+05
-1.132315904798662814e+03
6.726357413824681316e+03
4.215366870382218622e+03
7.254454752179451134e+03
5.453910255252068055e+03
4.540910318255917446e+03
5.214852316941803110e+03
6.813351121763887932e+03
7.770647948710159653e+03
7.845717166725470634e+03
8.274963846798877057e+03
8.215658219334498426e+03
-1.653142468629811265e+04
-1.683496575301773555e+05
1.919758183071645326e+05
-1.665291355140844244e+05
-1.634481707881838884e+04
9.828820121542481502e+03
9.241905032691387532e+03
7.200185525675124154e+03
5.434762697550329904e+03
4.542127896104961110e+03
5.202171409172583481e+03
6.815565643474525132e+03
7.792864298895446154e+03
7.909301903273710195e+03
8.304888721485085625e+03
8.256217460083558763e+03
-1.667227232461253152e+04
-1.661450100848355796e+05
1.972781373031408293e+05
-1.660008268404404807e+05
-1.596652673843631783e+04
9.629436775468706401e+03
9.227949600433536034e+03
2.915968010624938870e+03
1.729400105602506073e+03
9.428746410334795200e+02
5.236995771750595168e+02
5.505126530437823362e+01
-6.896039371775233349e+02
-1.606971230378159817e+03
-2.838561106769253456e+03
-5.684694229839035870e+03
-5.301809450694870975e+03
1.423016428928903479e+05
-1.401142954196649080e+05
1.038088288967298431e+05
2.619710252214547654e+04
-3.372568383045331757e+03
-4.268630420144832897e+03
-2.865129642109761335e+03
-1.698970253533804907e+03
-9.238707501561991648e+02
-4.947144927772985739e+02
-2.407105193387749864e+01
7.209955458752616551e+02
1.666685781143300346e+03
2.880915434775553422e+03
5.688648125658164645e+03
5.116770071381448361e+03
-1.414372165111724462e+05
1.435993055353540694e+05
-1.036999812460737303e+05
-2.605124342312044973e+04
3.250498359645101118e+03
4.254835684533801214e+03
2.878893187497569670e+02
1.676060878019476093e+02
9.311611000501989110e+01
4.519589225817374967e+01
-3.574421525257663212e+00
-8.464001960810195158e+01
-1.947220473037232864e+02
-2.357429022413176085e+02
1.704039122327593532e+03
2.171547960146165497e+04
-2.516656046782381964e+04
1.893785800548890847e+02
2.572420664776676495e+04
-2.141651123951880072e+04
-1.565128624122314932e+03
3.538087817512780475e+02
2.911892058752275716e+02
1.764932947969157908e+02
9.345901418866480981e+01
4.840778362608951824e+01
-3.857906016602080435e+00
-8.912551925614103254e+01
-1.893776486678203526e+02
-2.278129792664653621e+02
1.657278266650141632e+03
2.160418751281193545e+04
-2.595042838232070062e+04
-1.260112046498847036e+02
2.526758592470567237e+04
-2.162269129240250550e+04
-1.548859654815208614e+03
3.296157545236952728e+02
-2.168255815218914449e+03
-1.233499992629491089e+03
-5.956394947267233420e+02
-2.096972272001606541e+02
2.917707651641366056e+02
1.035140987423486877e+03
1.928538094170688964e+03
2.930054610997422515e+03
3.256780707364819136e+03
-1.864992223956344606e+04
-1.135446682726312574e+05
1.507520966967202548e+05
-1.456678602021314437e+05
9.313053989362819266e+03
5.398862346487941977e+03
3.298765046834178975e+03
2.107702778673426110e+03
1.183534389665516073e+03
5.694540768388249035e+02
1.655209164016040120e+02
-3.416687043442907452e+02
-1.088796734586930370e+03
-1.996029884064290854e+03
-2.975393120219614502e+03
-3.308996490707163503e+03
1.872168903511776443e+04
1.117948231642372266e+05
-1.546137031157209422e+05
1.447969122692089586e+05
-9.794787526429077843e+03
-5.250153246941410544e+03
-3.328171886599296158e+03
-6.044249748139101939e+03
-4.541399407053648247e+03
-3.776377652018975823e+03
-4.345120604018607082e+03
-5.674687551072857786e+03
-6.471245823150113210e+03
-6.532364172700566087e+03
-6.771004877801215116e+03
-7.601755901978146539e+03
2.948828000532230362e+02
1.855283165851430385e+05
-2.218185107673886232e+05
1.842070117050683475e+05
4.526439664021672797e+02
-8.965060232610747335e+03
-7.586396189841903833e+03
-5.993869338343030904e+03
-4.517791584919068555e+03
-3.778547412218028057e+03
-4.330658235295933082e+03
-5.675368715149659693e+03
-6.486334085831927950e+03
-6.596617689363338286e+03
-6.813882197191646810e+03
-7.585464177278798161e+03
5.576127867527629860e+02
1.838983593120283913e+05
-2.269386803275911952e+05
1.833364239773256995e+05
-4.475944816796436498e+01
-8.737935459969990916e+03
-7.581180008639157677e+03
-2.376248050191336461e+03
-1.391476090261188574e+03
-7.401037021881845703e+02
-3.880092578012992703e+02
2.722591441953750291e+01
6.668177429617223879e+02
1.463542827504107663e+03
2.485458519021404754e+03
3.385095617258898073e+03
1.062540000670490372e+04
-1.461495105592424807e+05
1.592087548897217202e+05
-1.226500700652520900e+05
-9.420403115547765992e+03
4.229111913711918532e+03
3.423297972117541121e+03
2.326248279833354900e+03
1.355847816300636623e+03
7.214513335112152390e+02
3.553622516244951726e+02
-6.063733704591010110e+01
-7.003850913366557052e+02
-1.526096777047557225e+03
-2.539308904501078359e+03
-3.363949293278424648e+03
-1.037968469403380186e+04
1.453930886031654663e+05
-1.626792729205367505e+05
1.221663350518600200e+05
9.111316949841198948e+03
-4.089662236905175632e+03
-3.424464945652683127e+03
-1.188615088461744023e+02
-5.836659118118983258e+01
-3.424018905649256794e+01
-1.674230170899192416e+01
5.748797034436115005e-01
2.755404910835132881e+01
8.389799565199389519e+01
3.775967594286157691e+00
1.218923382387000629e+02
-9.832753542311082128e+03
1.105652311954935249e+04
-7.944386483380364439e+01
-1.127846053409129490e+04
9.717269687068908752e+03
-1.717929860655505081e+02
-4.664116429461122237e+01
-1.205465968105863084e+02
-6.229460722006685103e+01
-3.402915315633276094e+01
-1.799823332961851818e+01
9.682596450387430664e-01
2.961310136630469714e+01
8.216562892002305318e+01
-1.356124444580530053e+00
1.420417091382164472e+02
-9.777670432874012477e+03
1.138056420242398235e+04
5.273644422105116547e+01
-1.109875110077142926e+04
9.777618573218036545e+03
-1.851515581597612936e+02
-3.682871298620587197e+01
2.078042736121579765e+03
1.217087264097408934e+03
6.142597601570331562e+02
2.745375073870682172e+02
-1.524411984375775830e+02
-7.930187763653243564e+02
-1.578847065791408568e+03
-2.529022667496409213e+03
-2.943892930550808160e+03
-1.293304848035350005e+02
1.337355422714532178e+05
-1.635401521770483814e+05
1.411238060282598017e+05
-6.887701472604994706e+03
-3.548465500467794755e+03
-3.241194886412384221e+03
-2.023494238172537962e+03
-1.173009009887880666e+03
-5.933339328945900206e+02
-2.360619428577735732e+02
1.932422003655760818e+02
8.352395911545129366e+02
1.644437197408996099e+03
2.582824585284868135e+03
2.945035939266960668e+03
-6.186319701243337477e+01
-1.326134586782224069e+05
1.671681878321341355e+05
-1.403414264382166148e+05
7.289898381919667372e+03
3.385369643025723235e+03
3.259820219389577687e+03
5.582207240979085327e+03
4.215998921849507497e+03
3.500127182928401908e+03
4.030830626406750071e+03
5.263290958795888400e+03
6.005362116305981544e+03
6.033207995377078987e+03
6.411015668943172386e+03
6.149678808476832273e+03
7.741178567093777019e+03
-1.934754937527259754e+05
2.340088894924102351e+05
-1.923451075728262949e+05
7.458327656373663558e+03
7.427074195179403432e+03
7.173627249175198813e+03
5.532723079287021392e+03
4.190197157060385507e+03
3.503103489906307914e+03
4.015793720631213546e+03
5.263158936888992685e+03
6.017382394428881526e+03
6.097147945513772356e+03
6.462421315814810441e+03
6.110514606513251238e+03
7.416516519248816621e+03
-1.920836344392447500e+05
2.390527834081766778e+05
-1.913447191826807975e+05
7.970748226740934115e+03
7.178369714432480578e+03
7.172018802375339874e+03
-3.495666857600600451e+03
-2.040720181762009815e+03
-1.037146882782751618e+03
-4.371717173590433276e+02
2.885109642687298219e+02
1.379786730581839493e+03
2.648043422144088709e+03
3.520889806584702455e+03
-1.093339648814792326e+02
-2.847101961693289195e+04
-1.046086184283697075e+05
1.036311341374320909e+05
-1.093417740358759329e+05
-2.291553648456469818e+04
2.651811517390635800e+03
4.827691010838676448e+03
3.432830388441649120e+03
1.999427795134685766e+03
1.010213055531144732e+03
3.999181562589106989e+02
-3.332609047852224080e+02
-1.431241659587014738e+03
-2.701898747910317979e+03
-3.547471788831121103e+03
5.207232291542868552e+01
2.849172118427216628e+04
1.023589192552857858e+05
-1.076077622450852941e+05
1.092549693827083829e+05
2.283158768194627919e+04
-2.524961722781010394e+03
-4.827293454990801365e+03
-9.276513287352445332e+03
-7.023106119367960673e+03
-5.843174875140580298e+03
-6.696259333486863397e+03
-8.751868371502638183e+03
-9.988914264145221750e+03
-1.004334313914567065e+04
-9.796160526265888620e+03
-4.951440353704400877e+03
3.241862672719718830e+04
1.502576374396309839e+05
-1.522194371871867043e+05
1.477016072816525702e+05
3.168947581695414556e+04
-6.972881267445233789e+03
-1.101704425707544942e+04
-9.217796929393711252e+03
-7.007358604664445011e+03
-5.844345073594800851e+03
-6.686040099258180817e+03
-8.755111042272676059e+03
-1.002078341200568502e+04
-1.010156478847765175e+04
-9.810569008700520499e+03
-5.005204456811312411e+03
3.248017572600244603e+04
1.473005839637940226e+05
-1.577526282337400189e+05
1.476795910290836182e+05
3.165162772432370184e+04
-6.767828582367133095e+03
-1.099001611038384544e+04
-3.634145512624309958e+03
-2.177239130009989367e+03
-1.162420453103696445e+03
-5.963317378028732492e+02
4.921590320414421171e+01
1.064578738235876017e+03
2.338846699998802251e+03
3.770502100881614297e+03
3.363525526272402203e+03
-1.642899100448549507e+04
-1.186761409241209767e+05
1.084071870043571835e+05
-9.842814988538378384e+04
-3.152022337630193215e+04
5.398468778756180200e+02
4.689918458374632792e+03
3.576729175455249788e+03
2.142547842693898474e+03
1.139659978558185685e+03
5.654204828221339767e+02
-8.548552370476640760e+01
-1.104979472358216299e+03
-2.392796803625355551e+03
-3.800215231992429835e+03
-3.426087719836281394e+03
1.648158807526340388e+04
1.169675262141724525e+05
-1.121791714269573713e+05
9.857380237587974989e+04
3.158958179710694822e+04
-4.060689225439145957e+02
-4.674602723825949397e+03
-2.538934974283745305e+02
-1.777476785422932721e+02
-9.421523886028512607e+01
-4.303480831534265860e+01
1.228266476473025115e+01
9.978937167603312730e+01
1.666536800020309954e+02
-2.552390977570261157e+02
-3.543161419206637220e+03
-1.416439641962143287e+04
1.682298158346964556e+04
-1.411156446932601796e+02
-1.727881323786379289e+04
1.391145715502935309e+04
3.420526769381912345e+03
1.440533458198985954e+02
-2.569183836810630623e+02
-1.833213244460725946e+02
-9.556360114864453692e+01
-4.605300589921264276e+01
1.156278264043980641e+01
1.027584749202093093e+02
1.600321626428900004e+02
-2.608219875238588088e+02
-3.538395957976742920e+03
-1.412168019956058379e+04
1.742603740610319073e+04
9.541522287712997752e+01
-1.689520124240637233e+04
1.416541566098970361e+04
3.427978724922494621e+03
1.626825348068383619e+02
2.929576732032221116e+03
1.644102201941921749e+03
7.947331026096768483e+02
2.627714519258965993e+02
-4.159027858774306878e+02
-1.421828625038175460e+03
-2.627174550621086382e+03
-3.561882673676608192e+03
3.100414893506763292e+02
3.290051049199455883e+04
9.859621857789673959e+04
-1.168032346883554710e+05
1.260967504274161620e+05
9.009795843832904211e+03
-6.091731097744857834e+03
-4.653418959363854810e+03
-2.863598559221608866e+03
-1.596624793091373476e+03
-7.646291845956354791e+02
-2.186796305051299214e+02
4.682647853554951780e+02
1.481302820273515408e+03
2.687251787018512914e+03
3.596049444475777818e+03
-2.304411454844639593e+02
-3.289825038815681910e+04
-9.620575495067074371e+04
1.208597093987617263e+05
-1.255978607051807048e+05
-8.644785248774725915e+03
5.975198442262456410e+03
4.671559498175329281e+03
8.053510541166213443e+03
6.042710026490098244e+03
5.027107109648648475e+03
5.768328434679830025e+03
7.537658971208692492e+03
8.603095433315387709e+03
8.711287094674597029e+03
9.055270086858061404e+03
7.295241073874822177e+03
-2.373193872540045413e+04
-1.602545979019973602e+05
1.756009994033716503e+05
-1.581409346497791121e+05
-2.333335969747152558e+04
9.067534806626475984e+03
1.011901944718695449e+04
7.997387448812767616e+03
6.025491940662253910e+03
5.028220754771396059e+03
5.756722037472665761e+03
7.540414411125422703e+03
8.629326955516698945e+03
8.773402915243917960e+03
9.079786272217119404e+03
7.354922642917986195e+03
-2.382735196086693395e+04
-1.577386159283617453e+05
1.810001524093673215e+05
-1.578144061908277508e+05
-2.307007263515122031e+04
8.870360971722486283e+03
1.009820206009814683e+04
3.251945894091854825e+03
1.922859488569718906e+03
1.046403027713537995e+03
5.794825983844523307e+02
6.188956792323403988e+01
-7.613307619370478960e+02
-1.799266106309467887e+03
-3.292752127847548309e+03
-5.913503522529222209e+03
1.350734636661967670e+03
1.354803149153402192e+05
-1.281890585778389213e+05
9.848195164609731000e+04
3.088766615423896292e+04
-2.057249297020880931e+03
-4.596627476282872522e+03
-3.199443047705029130e+03
-1.892584088907658270e+03
-1.026574087734805062e+03
-5.509575212574457055e+02
-3.028234415164112647e+01
7.942168468817031908e+02
1.857529103336239132e+03
3.330071953383565415e+03
5.944914434148398868e+03
-1.483000544978758626e+03
-1.343930664029777690e+05
1.317457452805617067e+05
-9.852616211943760572e+04
-3.084466930508595760e+04
1.932326655157268760e+03
4.577350733597952058e+03
3.593829286375696483e+02
2.029785634713515208e+02
1.088037150141136777e+02
5.297442789439447353e+01
-5.036661452666599814e+00
-1.051798234335177966e+02
-2.511635851063229836e+02
-1.669830974011028388e+02
3.107105635141792391e+03
2.213911134925453007e+04
-2.604731272822126266e+04
2.033287349852847399e+02
2.666685767918150304e+04
-2.180133668976085028e+04
-2.944991364295210133e+03
3.056106575897690050e+02
3.631480326365518749e+02
2.121410190691186983e+02
1.097506708346133451e+02
5.667097078980155800e+01
-4.830420102994898990e+00
-1.098581238312696939e+02
-2.443811353596497042e+02
-1.600791987720080556e+02
3.065657004982389935e+03
2.203781385250305175e+04
-2.689719901448424207e+04
-1.354484483133377637e+02
2.615545950092786734e+04
-2.207165039427862212e+04
-2.938632425769465499e+03
2.778041012771757892e+02
-2.321786015100014993e+03
-1.321821871209152732e+03
-6.322670346130598773e+02
-2.017042569941376087e+02
3.566814528013340464e+02
1.175506909452661375e+03
2.170489533847133771e+03
3.311216883126989615e+03
2.323144313151108690e+03
-2.629151193256778060e+04
-1.052983930636860896e+05
1.398363483280102373e+05
-1.416503217486345093e+05
4.947057126050984152e+03
6.532355085413453708e+03
3.651934747412352408e+03
2.258251112097516852e+03
1.271113455442487748e+03
6.036016277926785278e+02
1.559158544282231560e+02
-4.095848528108388109e+02
-1.233512409738480756e+03
-2.237280961401910190e+03
-3.353404525566317716e+03
-2.399369873922245006e+03
2.631619362512761290e+04
1.032507001227610890e+05
-1.437983895126284042e+05
1.408387681178554776e+05
-5.440398203557127999e+03
-6.399985650686902773e+03
-3.682730644268665401e+03
-6.557984994500999164e+03
-4.940021078607448544e+03
-4.108637038228504935e+03
-4.721325532089221269e+03
-6.169199021107218869e+03
-7.038409282649341549e+03
-7.091010493047486307e+03
-7.416287450219873790e+03
-8.324406040524294440e+03
8.263246625706895429e+03
1.772914531803592981e+05
-2.081968966110676993e+05
1.757478832782763639e+05
8.270537196460812993e+03
-9.794987375548256750e+03
-8.297026402350322314e+03
-6.505917518201797066e+03
-4.918621605172816999e+03
-4.110250203243327633e+03
-4.707637439150049431e+03
-6.170671607625503384e+03
-7.056725953750396911e+03
-7.155114264570157502e+03
-7.452223329400296279e+03
-8.335541894808036886e+03
8.464634311843752585e+03
1.753978601896807377e+05
-2.134010604643422994e+05
1.750293290475386020e+05
7.813008504899455147e+03
-9.584743481506378885e+03
-8.288400531521616358e+03
-2.611266124277295148e+03
-1.549462099855692259e+03
-8.348640693595798439e+02
-4.549364253510991603e+02
-2.390208937231031427e+01
6.584293621211011214e+02
1.510063059720117963e+03
2.542995072100549805e+03
4.605271572683785053e+03
9.731564642737916074e+03
-1.462231177372363745e+05
1.509895644755244139e+05
-1.122970421101319807e+05
-1.870427899408330995e+04
4.207190433390501312e+03
3.797687854828097443e+03
2.561516240218775692e+03
1.517195131603634991e+03
8.162941410946964425e+02
4.245095498698748315e+02
-7.660215993719390326e+00
-6.900948813045113184e+02
-1.571223224093630961e+03
-2.591520897827032513e+03
-4.589757868954189689e+03
-9.503926115590267727e+03
1.454747434879915090e+05
-1.544439054304732126e+05
1.120025806663149269e+05
1.846517119330853529e+04
-4.080303593987675413e+03
-3.790953277998573412e+03
-2.040032540736380611e+02
-1.206657153747715512e+02
-6.468230174472941485e+01
-3.230726482350433315e+01
-1.080663314936547437e-02
6.125114301320184040e+01
1.370254472196720030e+02
1.209454367827130312e+02
-4.289345703063452220e+02
-1.752323609759678948e+04
1.996537286413140100e+04
-1.460103936309970720e+02
-2.038222775953108794e+04
1.730353750686021522e+04
3.308238039076040877e+02
-2.047026740465224748e+02
-2.067608941898054695e+02
-1.277743006463764743e+02
-6.457959823096716434e+01
-3.465354435223348162e+01
5.406040002407941358e-01
6.486416067610772984e+01
1.333960436030183985e+02
1.130427127488751466e+02
-3.912219386946117083e+02
-1.742774097987858840e+04
2.056456385509012398e+04
9.704984663169898340e+01
-2.004315143282694044e+04
1.743346629424374260e+04
3.111258481103204758e+02
-1.867753604846184885e+02
2.083875554757020382e+03
1.196130028382350929e+03
5.926863714252685895e+02
2.337901191216971029e+02
-2.218198460769259270e+02
-8.999844184035667922e+02
-1.740113179393671999e+03
-2.628109631215811987e+03
-3.360773328541140472e+03
9.226213263331175767e+03
1.236547918710330705e+05
-1.590490076669662376e+05
1.455979172931476205e+05
-1.019671686859310830e+04
-4.156647860197303999e+03
-3.211307594787528160e+03
-2.026342567277377839e+03
-1.148450879464116497e+03
-5.693341195759347784e+02
-1.922691103515453221e+02
2.673407426072799353e+02
9.480538276142077621e+02
1.807088811362299566e+03
2.677610099963047105e+03
3.385189085304649325e+03
-9.358602052493797601e+03
-1.222299674834843318e+05
1.627931965735006379e+05
-1.447389450503175904e+05
1.064166778315636475e+04
3.995569270380817670e+03
3.236431934360887681e+03
5.708006659377335382e+03
4.294618432353776370e+03
3.571904913426620169e+03
4.108704499007632876e+03
5.369215190306282238e+03
6.119549702972148225e+03
6.168258033175248784e+03
6.474348302262865218e+03
6.608693234893508816e+03
5.571647820958574812e+03
-1.913638265243903152e+05
2.308507077659975039e+05
-1.901847055898662366e+05
5.320334648103082145e+03
7.907411682917753751e+03
7.250092274048254694e+03
5.658364105557109724e+03
4.269385792642927299e+03
3.574640755410096062e+03
4.093812367576281758e+03
5.369284173644326984e+03
6.132388297512066856e+03
6.232359656962858935e+03
6.523302808990973972e+03
6.575117270419475972e+03
5.263611347118992853e+03
-1.899100727677737596e+05
2.359144576719090983e+05
-1.892173617547347676e+05
5.830739925145855523e+03
7.664896137111072676e+03
7.247387636298441976e+03
2.187906433885416845e+03
1.279313881309629323e+03
6.660605366612829812e+02
3.252068974212403987e+02
-8.476857840102752562e+01
-7.179546440871768027e+02
-1.474549997194948446e+03
-2.518107693819312772e+03
-2.770451791504267931e+03
-7.277746725578186670e+03
1.417587914293036738e+05
-1.635964720116700919e+05
1.329432590338969021e+05
1.800814110720657482e+02
-3.754301890260619075e+03
-3.275393261226943196e+03
-2.136095754954591030e+03
-1.239484386221149180e+03
-6.467021219255478854e+02
-2.897922867858616769e+02
1.213680616137185240e+02
7.551077382274229421e+02
1.538507419981570365e+03
2.573926465091838963e+03
2.755906978197071567e+03
7.045144670990004670e+03
-1.408712898443332524e+05
1.671281043101738323e+05
-1.322907384792430676e+05
1.793529295842981810e+02
3.600164294282933952e+03
3.285488364319497578e+03
