# x,y,u
0.000000000000000000e+00 0.000000000000000000e+00 2.549495466499203961e-17
0.000000000000000000e+00 2.000000000000000111e-01 2.745427270659444585e-01
0.000000000000000000e+00 4.000000000000000222e-01 4.353467689155225417e-01
0.000000000000000000e+00 6.000000000000000888e-01 5.747293369396668794e-01
0.000000000000000000e+00 8.000000000000000444e-01 7.277586347742650563e-01
0.000000000000000000e+00 1.000000000000000000e+00 1.000000000000001776e+00
2.000000000000000111e-01 0.000000000000000000e+00 2.000000000000003719e-01
2.000000000000000111e-01 2.000000000000000111e-01 3.239918933723324179e-01
2.000000000000000111e-01 4.000000000000000222e-01 4.500231917481157806e-01
2.000000000000000111e-01 6.000000000000000888e-01 5.623487634420776260e-01
2.000000000000000111e-01 8.000000000000000444e-01 6.794332783753527227e-01
2.000000000000000111e-01 1.000000000000000000e+00 7.999999999999990452e-01
4.000000000000000222e-01 0.000000000000000000e+00 4.000000000000006883e-01
4.000000000000000222e-01 2.000000000000000111e-01 4.403536253919096977e-01
4.000000000000000222e-01 4.000000000000000222e-01 4.862129074810481177e-01
4.000000000000000222e-01 6.000000000000000888e-01 5.278085555600027234e-01
4.000000000000000222e-01 8.000000000000000444e-01 5.689091927740556054e-01
4.000000000000000222e-01 1.000000000000000000e+00 5.999999999999993117e-01
6.000000000000000888e-01 0.000000000000000000e+00 6.000000000000010880e-01
6.000000000000000888e-01 2.000000000000000111e-01 5.689091927740462795e-01
6.000000000000000888e-01 4.000000000000000222e-01 5.278085555599880685e-01
6.000000000000000888e-01 6.000000000000000888e-01 4.862129074810379037e-01
6.000000000000000888e-01 8.000000000000000444e-01 4.403536253919110299e-01
6.000000000000000888e-01 1.000000000000000000e+00 4.000000000000005773e-01
8.000000000000000444e-01 0.000000000000000000e+00 8.000000000000013767e-01
8.000000000000000444e-01 2.000000000000000111e-01 6.794332783753150862e-01
8.000000000000000444e-01 4.000000000000000222e-01 5.623487634420286652e-01
8.000000000000000444e-01 6.000000000000000888e-01 4.500231917480814192e-01
8.000000000000000444e-01 8.000000000000000444e-01 3.239918933723164307e-01
8.000000000000000444e-01 1.000000000000000000e+00 1.999999999999997058e-01
1.000000000000000000e+00 0.000000000000000000e+00 1.000000000000001776e+00
1.000000000000000000e+00 2.000000000000000111e-01 7.277586347741648032e-01
1.000000000000000000e+00 4.000000000000000222e-01 5.747293369395647389e-01
1.000000000000000000e+00 6.000000000000000888e-01 4.353467689154446041e-01
1.000000000000000000e+00 8.000000000000000444e-01 2.745427270659031027e-01
1.000000000000000000e+00 1.000000000000000000e+00 -1.710719401094590189e-17
