9.807852799999999815e-01
9.238795300000000044e-01
8.314696099999999701e-01
7.071067800000000458e-01
5.555702300000000537e-01
3.826834299999999911e-01
1.950903200000000115e-01
-0.000000000000000000e+00
-1.950903200000000115e-01
-3.826834299999999911e-01
-5.555702300000000537e-01
-7.071067800000000458e-01
-8.314696099999999701e-01
-9.238795300000000044e-01
-9.807852799999999815e-01
-1.000000000000000000e+00
-9.807852799999999815e-01
-9.238795300000000044e-01
-8.314696099999999701e-01
-7.071067800000000458e-01
-5.555702300000000537e-01
-3.826834299999999911e-01
-1.950903200000000115e-01
0.000000000000000000e+00
1.950903200000000115e-01
3.826834299999999911e-01
5.555702300000000537e-01
7.071067800000000458e-01
8.314696099999999701e-01
9.238795300000000044e-01
9.807852799999999815e-01
1.000000000000000000e+00
9.238795300000000044e-01
7.071067800000000458e-01
3.826834299999999911e-01
-0.000000000000000000e+00
-3.826834299999999911e-01
-7.071067800000000458e-01
-9.238795300000000044e-01
-1.000000000000000000e+00
-9.238795300000000044e-01
-7.071067800000000458e-01
-3.826834299999999911e-01
0.000000000000000000e+00
3.826834299999999911e-01
7.071067800000000458e-01
9.238795300000000044e-01
1.000000000000000000e+00
9.238795300000000044e-01
7.071067800000000458e-01
3.826834299999999911e-01
-0.000000000000000000e+00
-3.826834299999999911e-01
-7.071067800000000458e-01
-9.238795300000000044e-01
-1.000000000000000000e+00
-9.238795300000000044e-01
-7.071067800000000458e-01
-3.826834299999999911e-01
0.000000000000000000e+00
3.826834299999999911e-01
7.071067800000000458e-01
9.238795300000000044e-01
1.000000000000000000e+00
8.314696099999999701e-01
3.826834299999999911e-01
-1.950903200000000115e-01
-7.071067800000000458e-01
-9.807852799999999815e-01
-9.238795300000000044e-01
-5.555702300000000537e-01
0.000000000000000000e+00
5.555702300000000537e-01
9.238795300000000044e-01
9.807852799999999815e-01
7.071067800000000458e-01
1.950903200000000115e-01
-3.826834299999999911e-01
-8.314696099999999701e-01
-1.000000000000000000e+00
-8.314696099999999701e-01
-3.826834299999999911e-01
1.950903200000000115e-01
7.071067800000000458e-01
9.807852799999999815e-01
9.238795300000000044e-01
5.555702300000000537e-01
-0.000000000000000000e+00
-5.555702300000000537e-01
-9.238795300000000044e-01
-9.807852799999999815e-01
-7.071067800000000458e-01
-1.950903200000000115e-01
3.826834299999999911e-01
8.314696099999999701e-01
1.000000000000000000e+00
7.071067800000000458e-01
-0.000000000000000000e+00
-7.071067800000000458e-01
-1.000000000000000000e+00
-7.071067800000000458e-01
0.000000000000000000e+00
7.071067800000000458e-01
1.000000000000000000e+00
7.071067800000000458e-01
-0.000000000000000000e+00
-7.071067800000000458e-01
-1.000000000000000000e+00
-7.071067800000000458e-01
0.000000000000000000e+00
7.071067800000000458e-01
1.000000000000000000e+00
7.071067800000000458e-01
-0.000000000000000000e+00
-7.071067800000000458e-01
-1.000000000000000000e+00
-7.071067800000000458e-01
0.000000000000000000e+00
7.071067800000000458e-01
1.000000000000000000e+00
7.071067800000000458e-01
-0.000000000000000000e+00
-7.071067800000000458e-01
-1.000000000000000000e+00
-7.071067800000000458e-01
0.000000000000000000e+00
7.071067800000000458e-01
1.000000000000000000e+00
5.555702300000000537e-01
-3.826834299999999911e-01
-9.807852799999999815e-01
-7.071067800000000458e-01
1.950903200000000115e-01
9.238795300000000044e-01
8.314696099999999701e-01
-0.000000000000000000e+00
-8.314696099999999701e-01
-9.238795300000000044e-01
-1.950903200000000115e-01
7.071067800000000458e-01
9.807852799999999815e-01
3.826834299999999911e-01
-5.555702300000000537e-01
-1.000000000000000000e+00
-5.555702300000000537e-01
3.826834299999999911e-01
9.807852799999999815e-01
7.071067800000000458e-01
-1.950903200000000115e-01
-9.238795300000000044e-01
-8.314696099999999701e-01
0.000000000000000000e+00
8.314696099999999701e-01
9.238795300000000044e-01
1.950903200000000115e-01
-7.071067800000000458e-01
-9.807852799999999815e-01
-3.826834299999999911e-01
5.555702399999999930e-01
1.000000000000000000e+00
3.826834299999999911e-01
-7.071067800000000458e-01
-9.238795300000000044e-01
0.000000000000000000e+00
9.238795300000000044e-01
7.071067800000000458e-01
-3.826834299999999911e-01
-1.000000000000000000e+00
-3.826834299999999911e-01
7.071067800000000458e-01
9.238795300000000044e-01
-0.000000000000000000e+00
-9.238795300000000044e-01
-7.071067800000000458e-01
3.826834299999999911e-01
1.000000000000000000e+00
3.826834299999999911e-01
-7.071067800000000458e-01
-9.238795300000000044e-01
0.000000000000000000e+00
9.238795300000000044e-01
7.071067800000000458e-01
-3.826834399999999858e-01
-1.000000000000000000e+00
-3.826834299999999911e-01
7.071067800000000458e-01
9.238795300000000044e-01
-0.000000000000000000e+00
-9.238795300000000044e-01
-7.071067800000000458e-01
3.826834399999999858e-01
1.000000000000000000e+00
1.950903200000000115e-01
-9.238795300000000044e-01
-5.555702300000000537e-01
7.071067800000000458e-01
8.314696099999999701e-01
-3.826834299999999911e-01
-9.807852799999999815e-01
0.000000000000000000e+00
9.807852799999999815e-01
3.826834299999999911e-01
-8.314696099999999701e-01
-7.071067800000000458e-01
5.555702300000000537e-01
9.238795300000000044e-01
-1.950903200000000115e-01
-1.000000000000000000e+00
-1.950903200000000115e-01
9.238795300000000044e-01
5.555702300000000537e-01
-7.071067800000000458e-01
-8.314696099999999701e-01
3.826834399999999858e-01
9.807852799999999815e-01
-0.000000000000000000e+00
-9.807852799999999815e-01
-3.826834299999999911e-01
8.314696099999999701e-01
7.071067800000000458e-01
-5.555702399999999930e-01
-9.238795300000000044e-01
1.950903300000000062e-01
1.000000000000000000e+00
-0.000000000000000000e+00
-1.000000000000000000e+00
0.000000000000000000e+00
1.000000000000000000e+00
-0.000000000000000000e+00
-1.000000000000000000e+00
0.000000000000000000e+00
1.000000000000000000e+00
-0.000000000000000000e+00
-1.000000000000000000e+00
0.000000000000000000e+00
1.000000000000000000e+00
-0.000000000000000000e+00
-1.000000000000000000e+00
0.000000000000000000e+00
1.000000000000000000e+00
-0.000000000000000000e+00
-1.000000000000000000e+00
0.000000000000000000e+00
1.000000000000000000e+00
-0.000000000000000000e+00
-1.000000000000000000e+00
0.000000000000000000e+00
1.000000000000000000e+00
-1.000000000000000021e-08
-1.000000000000000000e+00
1.000000000000000021e-08
1.000000000000000000e+00
-1.000000000000000021e-08
-1.000000000000000000e+00
1.000000000000000021e-08
1.000000000000000000e+00
-1.950903200000000115e-01
-9.238795300000000044e-01
5.555702300000000537e-01
7.071067800000000458e-01
-8.314696099999999701e-01
-3.826834299999999911e-01
9.807852799999999815e-01
-0.000000000000000000e+00
-9.807852799999999815e-01
3.826834299999999911e-01
8.314696099999999701e-01
-7.071067800000000458e-01
-5.555702300000000537e-01
9.238795300000000044e-01
1.950903200000000115e-01
-1.000000000000000000e+00
1.950903300000000062e-01
9.238795300000000044e-01
-5.555702399999999930e-01
-7.071067800000000458e-01
8.314696099999999701e-01
3.826834299999999911e-01
-9.807852799999999815e-01
1.000000000000000021e-08
9.807852799999999815e-01
-3.826834399999999858e-01
-8.314696099999999701e-01
7.071067899999999851e-01
5.555702300000000537e-01
-9.238795400000000546e-01
-1.950903200000000115e-01
1.000000000000000000e+00
-3.826834299999999911e-01
-7.071067800000000458e-01
9.238795300000000044e-01
-0.000000000000000000e+00
-9.238795300000000044e-01
7.071067800000000458e-01
3.826834299999999911e-01
-1.000000000000000000e+00
3.826834299999999911e-01
7.071067800000000458e-01
-9.238795300000000044e-01
0.000000000000000000e+00
9.238795300000000044e-01
-7.071067800000000458e-01
-3.826834299999999911e-01
1.000000000000000000e+00
-3.826834399999999858e-01
-7.071067800000000458e-01
9.238795300000000044e-01
-1.000000000000000021e-08
-9.238795300000000044e-01
7.071067899999999851e-01
3.826834299999999911e-01
-1.000000000000000000e+00
3.826834399999999858e-01
7.071067800000000458e-01
-9.238795400000000546e-01
1.000000000000000021e-08
9.238795300000000044e-01
-7.071067899999999851e-01
-3.826834299999999911e-01
1.000000000000000000e+00
-5.555702300000000537e-01
-3.826834299999999911e-01
9.807852799999999815e-01
-7.071067800000000458e-01
-1.950903200000000115e-01
9.238795300000000044e-01
-8.314696099999999701e-01
0.000000000000000000e+00
8.314696099999999701e-01
-9.238795300000000044e-01
1.950903300000000062e-01
7.071067800000000458e-01
-9.807852799999999815e-01
3.826834399999999858e-01
5.555702300000000537e-01
-1.000000000000000000e+00
5.555702399999999930e-01
3.826834299999999911e-01
-9.807852799999999815e-01
7.071067899999999851e-01
1.950903200000000115e-01
-9.238795300000000044e-01
8.314696200000000204e-01
-1.000000000000000021e-08
-8.314696099999999701e-01
9.238795400000000546e-01
-1.950903300000000062e-01
-7.071067800000000458e-01
9.807852799999999815e-01
-3.826834399999999858e-01
-5.555702300000000537e-01
1.000000000000000000e+00
-7.071067800000000458e-01
0.000000000000000000e+00
7.071067800000000458e-01
-1.000000000000000000e+00
7.071067800000000458e-01
-0.000000000000000000e+00
-7.071067800000000458e-01
1.000000000000000000e+00
-7.071067800000000458e-01
0.000000000000000000e+00
7.071067800000000458e-01
-1.000000000000000000e+00
7.071067800000000458e-01
-0.000000000000000000e+00
-7.071067800000000458e-01
1.000000000000000000e+00
-7.071067800000000458e-01
1.000000000000000021e-08
7.071067800000000458e-01
-1.000000000000000000e+00
7.071067899999999851e-01
-1.000000000000000021e-08
-7.071067800000000458e-01
1.000000000000000000e+00
-7.071067899999999851e-01
1.000000000000000021e-08
7.071067800000000458e-01
-1.000000000000000000e+00
7.071067899999999851e-01
-1.000000000000000021e-08
-7.071067699999999956e-01
1.000000000000000000e+00
-8.314696099999999701e-01
3.826834299999999911e-01
1.950903200000000115e-01
-7.071067800000000458e-01
9.807852799999999815e-01
-9.238795300000000044e-01
5.555702300000000537e-01
-0.000000000000000000e+00
-5.555702300000000537e-01
9.238795300000000044e-01
-9.807852799999999815e-01
7.071067800000000458e-01
-1.950903300000000062e-01
-3.826834299999999911e-01
8.314696099999999701e-01
-1.000000000000000000e+00
8.314696200000000204e-01
-3.826834399999999858e-01
-1.950903200000000115e-01
7.071067800000000458e-01
-9.807852799999999815e-01
9.238795400000000546e-01
-5.555702399999999930e-01
1.000000000000000021e-08
5.555702300000000537e-01
-9.238795300000000044e-01
9.807852799999999815e-01
-7.071067899999999851e-01
1.950903300000000062e-01
3.826834199999999964e-01
-8.314696099999999701e-01
1.000000000000000000e+00
-9.238795300000000044e-01
7.071067800000000458e-01
-3.826834299999999911e-01
0.000000000000000000e+00
3.826834299999999911e-01
-7.071067800000000458e-01
9.238795300000000044e-01
-1.000000000000000000e+00
9.238795300000000044e-01
-7.071067800000000458e-01
3.826834399999999858e-01
-0.000000000000000000e+00
-3.826834299999999911e-01
7.071067800000000458e-01
-9.238795300000000044e-01
1.000000000000000000e+00
-9.238795300000000044e-01
7.071067899999999851e-01
-3.826834399999999858e-01
1.000000000000000021e-08
3.826834299999999911e-01
-7.071067800000000458e-01
9.238795300000000044e-01
-1.000000000000000000e+00
9.238795400000000546e-01
-7.071067899999999851e-01
3.826834399999999858e-01
-1.000000000000000021e-08
-3.826834199999999964e-01
7.071067699999999956e-01
-9.238795300000000044e-01
1.000000000000000000e+00
-9.807852799999999815e-01
9.238795300000000044e-01
-8.314696099999999701e-01
7.071067800000000458e-01
-5.555702300000000537e-01
3.826834299999999911e-01
-1.950903200000000115e-01
0.000000000000000000e+00
1.950903200000000115e-01
-3.826834299999999911e-01
5.555702300000000537e-01
-7.071067800000000458e-01
8.314696099999999701e-01
-9.238795300000000044e-01
9.807852799999999815e-01
-1.000000000000000000e+00
9.807852799999999815e-01
-9.238795400000000546e-01
8.314696200000000204e-01
-7.071067899999999851e-01
5.555702399999999930e-01
-3.826834399999999858e-01
1.950903300000000062e-01
-1.000000000000000021e-08
-1.950903099999999890e-01
3.826834199999999964e-01
-5.555702200000000035e-01
7.071067699999999956e-01
-8.314696099999999701e-01
9.238795300000000044e-01
-9.807852799999999815e-01
1.000000000000000000e+00
-1.000000000000000000e+00
1.000000000000000000e+00
-1.000000000000000000e+00
1.000000000000000000e+00
-1.000000000000000000e+00
1.000000000000000000e+00
-1.000000000000000000e+00
1.000000000000000000e+00
-1.000000000000000000e+00
1.000000000000000000e+00
-1.000000000000000000e+00
1.000000000000000000e+00
-1.000000000000000000e+00
1.000000000000000000e+00
-1.000000000000000000e+00
1.000000000000000000e+00
-1.000000000000000000e+00
1.000000000000000000e+00
-1.000000000000000000e+00
1.000000000000000000e+00
-1.000000000000000000e+00
1.000000000000000000e+00
-1.000000000000000000e+00
1.000000000000000000e+00
-1.000000000000000000e+00
1.000000000000000000e+00
-1.000000000000000000e+00
1.000000000000000000e+00
-1.000000000000000000e+00
1.000000000000000000e+00
-1.000000000000000000e+00
1.000000000000000000e+00
1.950903200000000115e-01
3.826834299999999911e-01
5.555702300000000537e-01
7.071067800000000458e-01
8.314696099999999701e-01
9.238795300000000044e-01
9.807852799999999815e-01
1.000000000000000000e+00
9.807852799999999815e-01
9.238795300000000044e-01
8.314696099999999701e-01
7.071067800000000458e-01
5.555702300000000537e-01
3.826834299999999911e-01
1.950903200000000115e-01
-0.000000000000000000e+00
-1.950903200000000115e-01
-3.826834299999999911e-01
-5.555702300000000537e-01
-7.071067800000000458e-01
-8.314696099999999701e-01
-9.238795300000000044e-01
-9.807852799999999815e-01
-1.000000000000000000e+00
-9.807852799999999815e-01
-9.238795300000000044e-01
-8.314696099999999701e-01
-7.071067800000000458e-01
-5.555702300000000537e-01
-3.826834299999999911e-01
-1.950903200000000115e-01
0.000000000000000000e+00
3.826834299999999911e-01
7.071067800000000458e-01
9.238795300000000044e-01
1.000000000000000000e+00
9.238795300000000044e-01
7.071067800000000458e-01
3.826834299999999911e-01
-0.000000000000000000e+00
-3.826834299999999911e-01
-7.071067800000000458e-01
-9.238795300000000044e-01
-1.000000000000000000e+00
-9.238795300000000044e-01
-7.071067800000000458e-01
-3.826834299999999911e-01
0.000000000000000000e+00
3.826834299999999911e-01
7.071067800000000458e-01
9.238795300000000044e-01
1.000000000000000000e+00
9.238795300000000044e-01
7.071067800000000458e-01
3.826834299999999911e-01
-0.000000000000000000e+00
-3.826834299999999911e-01
-7.071067800000000458e-01
-9.238795300000000044e-01
-1.000000000000000000e+00
-9.238795300000000044e-01
-7.071067800000000458e-01
-3.826834299999999911e-01
0.000000000000000000e+00
5.555702300000000537e-01
9.238795300000000044e-01
9.807852799999999815e-01
7.071067800000000458e-01
1.950903200000000115e-01
-3.826834299999999911e-01
-8.314696099999999701e-01
-1.000000000000000000e+00
-8.314696099999999701e-01
-3.826834299999999911e-01
1.950903200000000115e-01
7.071067800000000458e-01
9.807852799999999815e-01
9.238795300000000044e-01
5.555702300000000537e-01
-0.000000000000000000e+00
-5.555702300000000537e-01
-9.238795300000000044e-01
-9.807852799999999815e-01
-7.071067800000000458e-01
-1.950903200000000115e-01
3.826834299999999911e-01
8.314696099999999701e-01
1.000000000000000000e+00
8.314696099999999701e-01
3.826834299999999911e-01
-1.950903200000000115e-01
-7.071067800000000458e-01
-9.807852799999999815e-01
-9.238795300000000044e-01
-5.555702300000000537e-01
0.000000000000000000e+00
7.071067800000000458e-01
1.000000000000000000e+00
7.071067800000000458e-01
-0.000000000000000000e+00
-7.071067800000000458e-01
-1.000000000000000000e+00
-7.071067800000000458e-01
0.000000000000000000e+00
7.071067800000000458e-01
1.000000000000000000e+00
7.071067800000000458e-01
-0.000000000000000000e+00
-7.071067800000000458e-01
-1.000000000000000000e+00
-7.071067800000000458e-01
0.000000000000000000e+00
7.071067800000000458e-01
1.000000000000000000e+00
7.071067800000000458e-01
-0.000000000000000000e+00
-7.071067800000000458e-01
-1.000000000000000000e+00
-7.071067800000000458e-01
0.000000000000000000e+00
7.071067800000000458e-01
1.000000000000000000e+00
7.071067800000000458e-01
-0.000000000000000000e+00
-7.071067800000000458e-01
-1.000000000000000000e+00
-7.071067800000000458e-01
0.000000000000000000e+00
8.314696099999999701e-01
9.238795300000000044e-01
1.950903200000000115e-01
-7.071067800000000458e-01
-9.807852799999999815e-01
-3.826834299999999911e-01
5.555702300000000537e-01
1.000000000000000000e+00
5.555702300000000537e-01
-3.826834299999999911e-01
-9.807852799999999815e-01
-7.071067800000000458e-01
1.950903200000000115e-01
9.238795300000000044e-01
8.314696099999999701e-01
-0.000000000000000000e+00
-8.314696099999999701e-01
-9.238795300000000044e-01
-1.950903200000000115e-01
7.071067800000000458e-01
9.807852799999999815e-01
3.826834299999999911e-01
-5.555702399999999930e-01
-1.000000000000000000e+00
-5.555702300000000537e-01
3.826834399999999858e-01
9.807852799999999815e-01
7.071067800000000458e-01
-1.950903300000000062e-01
-9.238795300000000044e-01
-8.314696099999999701e-01
0.000000000000000000e+00
9.238795300000000044e-01
7.071067800000000458e-01
-3.826834299999999911e-01
-1.000000000000000000e+00
-3.826834299999999911e-01
7.071067800000000458e-01
9.238795300000000044e-01
-0.000000000000000000e+00
-9.238795300000000044e-01
-7.071067800000000458e-01
3.826834299999999911e-01
1.000000000000000000e+00
3.826834299999999911e-01
-7.071067800000000458e-01
-9.238795300000000044e-01
0.000000000000000000e+00
9.238795300000000044e-01
7.071067800000000458e-01
-3.826834399999999858e-01
-1.000000000000000000e+00
-3.826834299999999911e-01
7.071067800000000458e-01
9.238795300000000044e-01
-0.000000000000000000e+00
-9.238795300000000044e-01
-7.071067800000000458e-01
3.826834399999999858e-01
1.000000000000000000e+00
3.826834299999999911e-01
-7.071067800000000458e-01
-9.238795300000000044e-01
0.000000000000000000e+00
9.807852799999999815e-01
3.826834299999999911e-01
-8.314696099999999701e-01
-7.071067800000000458e-01
5.555702300000000537e-01
9.238795300000000044e-01
-1.950903200000000115e-01
-1.000000000000000000e+00
-1.950903200000000115e-01
9.238795300000000044e-01
5.555702300000000537e-01
-7.071067800000000458e-01
-8.314696099999999701e-01
3.826834299999999911e-01
9.807852799999999815e-01
-0.000000000000000000e+00
-9.807852799999999815e-01
-3.826834299999999911e-01
8.314696099999999701e-01
7.071067800000000458e-01
-5.555702399999999930e-01
-9.238795300000000044e-01
1.950903300000000062e-01
1.000000000000000000e+00
1.950903200000000115e-01
-9.238795300000000044e-01
-5.555702300000000537e-01
7.071067800000000458e-01
8.314696099999999701e-01
-3.826834399999999858e-01
-9.807852799999999815e-01
1.000000000000000021e-08
1.000000000000000000e+00
-0.000000000000000000e+00
-1.000000000000000000e+00
0.000000000000000000e+00
1.000000000000000000e+00
-0.000000000000000000e+00
-1.000000000000000000e+00
0.000000000000000000e+00
1.000000000000000000e+00
-0.000000000000000000e+00
-1.000000000000000000e+00
0.000000000000000000e+00
1.000000000000000000e+00
-0.000000000000000000e+00
-1.000000000000000000e+00
0.000000000000000000e+00
1.000000000000000000e+00
-0.000000000000000000e+00
-1.000000000000000000e+00
0.000000000000000000e+00
1.000000000000000000e+00
-0.000000000000000000e+00
-1.000000000000000000e+00
0.000000000000000000e+00
1.000000000000000000e+00
-1.000000000000000021e-08
-1.000000000000000000e+00
1.000000000000000021e-08
1.000000000000000000e+00
-1.000000000000000021e-08
-1.000000000000000000e+00
1.000000000000000021e-08
9.807852799999999815e-01
-3.826834299999999911e-01
-8.314696099999999701e-01
7.071067800000000458e-01
5.555702300000000537e-01
-9.238795300000000044e-01
-1.950903200000000115e-01
1.000000000000000000e+00
-1.950903200000000115e-01
-9.238795300000000044e-01
5.555702399999999930e-01
7.071067800000000458e-01
-8.314696099999999701e-01
-3.826834299999999911e-01
9.807852799999999815e-01
-0.000000000000000000e+00
-9.807852799999999815e-01
3.826834399999999858e-01
8.314696099999999701e-01
-7.071067800000000458e-01
-5.555702300000000537e-01
9.238795300000000044e-01
1.950903200000000115e-01
-1.000000000000000000e+00
1.950903300000000062e-01
9.238795300000000044e-01
-5.555702399999999930e-01
-7.071067800000000458e-01
8.314696200000000204e-01
3.826834299999999911e-01
-9.807852799999999815e-01
1.000000000000000021e-08
9.238795300000000044e-01
-7.071067800000000458e-01
-3.826834299999999911e-01
1.000000000000000000e+00
-3.826834299999999911e-01
-7.071067800000000458e-01
9.238795300000000044e-01
-0.000000000000000000e+00
-9.238795300000000044e-01
7.071067800000000458e-01
3.826834299999999911e-01
-1.000000000000000000e+00
3.826834399999999858e-01
7.071067800000000458e-01
-9.238795300000000044e-01
0.000000000000000000e+00
9.238795300000000044e-01
-7.071067800000000458e-01
-3.826834299999999911e-01
1.000000000000000000e+00
-3.826834399999999858e-01
-7.071067800000000458e-01
9.238795300000000044e-01
-1.000000000000000021e-08
-9.238795300000000044e-01
7.071067899999999851e-01
3.826834299999999911e-01
-1.000000000000000000e+00
3.826834399999999858e-01
7.071067800000000458e-01
-9.238795400000000546e-01
1.000000000000000021e-08
8.314696099999999701e-01
-9.238795300000000044e-01
1.950903200000000115e-01
7.071067800000000458e-01
-9.807852799999999815e-01
3.826834299999999911e-01
5.555702300000000537e-01
-1.000000000000000000e+00
5.555702399999999930e-01
3.826834299999999911e-01
-9.807852799999999815e-01
7.071067800000000458e-01
1.950903200000000115e-01
-9.238795300000000044e-01
8.314696099999999701e-01
-0.000000000000000000e+00
-8.314696099999999701e-01
9.238795300000000044e-01
-1.950903300000000062e-01
-7.071067800000000458e-01
9.807852799999999815e-01
-3.826834399999999858e-01
-5.555702300000000537e-01
1.000000000000000000e+00
-5.555702399999999930e-01
-3.826834299999999911e-01
9.807852799999999815e-01
-7.071067899999999851e-01
-1.950903099999999890e-01
9.238795300000000044e-01
-8.314696200000000204e-01
1.000000000000000021e-08
7.071067800000000458e-01
-1.000000000000000000e+00
7.071067800000000458e-01
-0.000000000000000000e+00
-7.071067800000000458e-01
1.000000000000000000e+00
-7.071067800000000458e-01
0.000000000000000000e+00
7.071067800000000458e-01
-1.000000000000000000e+00
7.071067800000000458e-01
-0.000000000000000000e+00
-7.071067800000000458e-01
1.000000000000000000e+00
-7.071067800000000458e-01
0.000000000000000000e+00
7.071067800000000458e-01
-1.000000000000000000e+00
7.071067899999999851e-01
-1.000000000000000021e-08
-7.071067800000000458e-01
1.000000000000000000e+00
-7.071067899999999851e-01
1.000000000000000021e-08
7.071067800000000458e-01
-1.000000000000000000e+00
7.071067899999999851e-01
-1.000000000000000021e-08
-7.071067699999999956e-01
1.000000000000000000e+00
-7.071067899999999851e-01
1.000000000000000021e-08
5.555702300000000537e-01
-9.238795300000000044e-01
9.807852799999999815e-01
-7.071067800000000458e-01
1.950903200000000115e-01
3.826834299999999911e-01
-8.314696099999999701e-01
1.000000000000000000e+00
-8.314696099999999701e-01
3.826834399999999858e-01
1.950903200000000115e-01
-7.071067800000000458e-01
9.807852799999999815e-01
-9.238795300000000044e-01
5.555702399999999930e-01
-1.000000000000000021e-08
-5.555702300000000537e-01
9.238795300000000044e-01
-9.807852799999999815e-01
7.071067899999999851e-01
-1.950903300000000062e-01
-3.826834299999999911e-01
8.314696099999999701e-01
-1.000000000000000000e+00
8.314696200000000204e-01
-3.826834399999999858e-01
-1.950903099999999890e-01
7.071067699999999956e-01
-9.807852799999999815e-01
9.238795400000000546e-01
-5.555702399999999930e-01
1.000000000000000021e-08
3.826834299999999911e-01
-7.071067800000000458e-01
9.238795300000000044e-01
-1.000000000000000000e+00
9.238795300000000044e-01
-7.071067800000000458e-01
3.826834299999999911e-01
-0.000000000000000000e+00
-3.826834299999999911e-01
7.071067800000000458e-01
-9.238795300000000044e-01
1.000000000000000000e+00
-9.238795300000000044e-01
7.071067800000000458e-01
-3.826834399999999858e-01
1.000000000000000021e-08
3.826834299999999911e-01
-7.071067800000000458e-01
9.238795300000000044e-01
-1.000000000000000000e+00
9.238795400000000546e-01
-7.071067899999999851e-01
3.826834399999999858e-01
-1.000000000000000021e-08
-3.826834199999999964e-01
7.071067699999999956e-01
-9.238795300000000044e-01
1.000000000000000000e+00
-9.238795400000000546e-01
7.071067899999999851e-01
-3.826834399999999858e-01
1.000000000000000021e-08
1.950903200000000115e-01
-3.826834299999999911e-01
5.555702300000000537e-01
-7.071067800000000458e-01
8.314696099999999701e-01
-9.238795300000000044e-01
9.807852799999999815e-01
-1.000000000000000000e+00
9.807852799999999815e-01
-9.238795300000000044e-01
8.314696099999999701e-01
-7.071067800000000458e-01
5.555702399999999930e-01
-3.826834399999999858e-01
1.950903300000000062e-01
-1.000000000000000021e-08
-1.950903200000000115e-01
3.826834299999999911e-01
-5.555702300000000537e-01
7.071067800000000458e-01
-8.314696099999999701e-01
9.238795300000000044e-01
-9.807852799999999815e-01
1.000000000000000000e+00
-9.807852799999999815e-01
9.238795400000000546e-01
-8.314696200000000204e-01
7.071067899999999851e-01
-5.555702399999999930e-01
3.826834399999999858e-01
-1.950903300000000062e-01
1.000000000000000021e-08
