2.000000000000000111e-01
5.017120587961460387e+01
4.460865283702412398e+01
3.691364117460364014e+01
2.868865455409746801e+01
2.079233877191921920e+01
1.294698997553672370e+01
3.483530874284610945e+00
-7.841173197116859228e+00
-2.061048790684645837e+01
-3.362048928839544715e+01
-4.580011293544305317e+01
-5.649523407351523474e+01
-6.516205950778424949e+01
-7.130738499304067091e+01
-7.472532506760211390e+01
-7.510007064218780215e+01
-7.231477718322537385e+01
-6.671621049859243158e+01
-5.909300252914727025e+01
-5.078027874137740127e+01
-4.300419945259949372e+01
-3.506645268267033089e+01
-2.564858416935356900e+01
-1.430843298965351096e+01
-1.470844789433044753e+00
1.138229733444654812e+01
2.365846486673433446e+01
3.433031140851255714e+01
4.301799095575773890e+01
4.919133630692687120e+01
5.256560947329364808e+01
5.292041085316816407e+01
3.968251827086157846e+01
3.119907328711531136e+01
2.006359537103855928e+01
8.668184395282025889e+00
-1.420809043803330951e+00
-1.034620383868428917e+01
-1.798291704079508690e+01
-2.199280466415211777e+01
-2.085445018670571926e+01
-1.431396356285699767e+01
-3.430193931386043005e+00
9.623628944141387365e+00
2.295399485749982205e+01
3.401347576490474012e+01
4.124977988439792398e+01
4.325819316357910793e+01
3.960780820809043234e+01
3.128633528280477094e+01
2.001221788382281375e+01
8.687611989064976115e+00
-1.411288508277209530e+00
-1.039472192141596452e+01
-1.795205434876487516e+01
-2.202073189388624996e+01
-2.088404148275856187e+01
-1.422092878050557374e+01
-3.510634041927573890e+00
9.717568384400351533e+00
2.292948433777240780e+01
3.400213561880246971e+01
4.130283211415246569e+01
4.316923938807633476e+01
3.018848209473605948e+01
1.964854504044785699e+01
7.390214697755823181e+00
-2.302654916385051820e+00
-6.854897802862126355e+00
-6.209358840982588390e+00
2.390824091422700803e-01
1.187956641381288136e+01
2.452761006370900532e+01
3.315858188575180066e+01
3.458154943570696105e+01
2.762647118899542420e+01
1.521063715880114842e+01
9.965450400231361527e-01
-1.003511825373601596e+01
-1.394934057126420157e+01
-1.016354766056144854e+01
4.440785121972794514e-01
1.274530349312044564e+01
2.230749199972262886e+01
2.700340356120665319e+01
2.629906716438478043e+01
1.984339685925107233e+01
8.202466898263310213e+00
-4.465047344479330604e+00
-1.301507751988378914e+01
-1.449657023533075062e+01
-7.512857461391263314e+00
4.878327043074420999e+00
1.905973682804670943e+01
3.012080009062503905e+01
3.412238186863180545e+01
8.441292618159309313e+00
-3.759161972927472561e+00
-1.508005922949485011e+01
-1.891359654554338476e+01
-1.445844466719887578e+01
-4.513234339860048294e+00
6.413409833860555409e+00
1.175324358953776027e+01
6.869057580608284752e+00
-5.750967130451726916e+00
-1.848763018352622112e+01
-2.375280758522865199e+01
-1.817349620375210861e+01
-5.113192105707696555e+00
8.054459055529207490e+00
1.360142162819784062e+01
8.446457899391248247e+00
-3.756101171152863571e+00
-1.507839251274344861e+01
-1.891126953328500804e+01
-1.446944728386500856e+01
-4.504358022756548507e+00
6.392881801648684359e+00
1.176431560427977274e+01
6.861575885865590863e+00
-5.745705613377367627e+00
-1.847233468258275479e+01
-2.375563525294580813e+01
-1.816502062177784182e+01
-5.107424294630789063e+00
8.047125275967687230e+00
1.360115482311050528e+01
9.784892673868625934e-01
-1.214172646898907715e+01
-1.992905333333544604e+01
-1.614745722350102142e+01
-5.641954031370062239e+00
2.962026096240094830e+00
2.208299745187673579e+00
-8.700352030061822006e+00
-2.039864636752855631e+01
-2.165138370218596719e+01
-1.094240956894975625e+01
2.451360005633546280e+00
6.357544271911649503e+00
-2.378189651724881060e+00
-1.620263033481745651e+01
-2.295916460171838480e+01
-1.641642797207066451e+01
-3.334593056833568880e+00
4.422246891135728220e+00
7.256572443503728209e-01
-9.882550232379287536e+00
-1.843493981781915636e+01
-1.768777108584953339e+01
-6.771221860540890702e+00
4.947308901659766889e+00
6.127793553728906772e+00
-4.536002037420644228e+00
-1.794332258186602758e+01
-2.183596048772375298e+01
-1.307407961197731083e+01
7.242621169467611253e-01
7.424896300566274476e+00
1.586267294473032052e+00
-1.138836024258228008e+01
-1.359556675151213767e+01
-3.814891512313749899e+00
5.221142942274070720e+00
3.271225622785948417e+00
-8.141581731847850278e+00
-1.520461890595424848e+01
-7.828998032784795669e+00
5.321427927054855900e+00
8.026262915011443511e+00
-3.356214815975249621e+00
-1.465031562167536094e+01
-1.199611634684157480e+01
1.383008632296025553e+00
9.044061605405204318e+00
1.531191203380444676e+00
-1.131740348712412469e+01
-1.363224944199828315e+01
-3.813866525690968956e+00
5.236969433290653342e+00
3.225556085476512180e+00
-8.118893483154977275e+00
-1.522133030284180677e+01
-7.852208185103677351e+00
5.391646278907273881e+00
7.956904547092904068e+00
-3.263888035947616117e+00
-1.468980431760388683e+01
-1.197563550546527722e+01
1.401211148719653465e+00
8.983016733734643822e+00
8.049037140098107557e-01
-1.065246062609469391e+01
-7.015089361157492931e+00
4.483751788487154499e+00
5.427509064619641777e+00
-4.942085908209321587e+00
-1.052174114779461433e+01
-1.033832576734766917e+00
8.997520072228951449e+00
2.724934169219295654e+00
-1.007273374225371754e+01
-8.747522541901048498e+00
4.515935074101037117e+00
8.364096309325702805e+00
-3.391234308575747036e+00
-1.186787425142074426e+01
-3.505322315016087487e+00
7.955579929850841836e+00
4.306299162142749992e+00
-7.179263099006561788e+00
-8.137062005454424707e+00
2.238115432369397695e+00
7.822073102197748540e+00
-1.672029422610421534e+00
-1.169176440543321860e+01
-5.440440510187045220e+00
7.369403948944068361e+00
6.046196360720045959e+00
-7.220639842629282157e+00
-1.106140346019691378e+01
6.851565768107548138e-01
9.158245148771698041e+00
-2.242248137861793111e+00
-1.125349746442145715e+01
-2.669717382117937632e+00
5.338504126652935611e+00
-2.304062700112865514e+00
-9.966803027869957532e+00
-1.948099479798997891e+00
6.642710896651351504e+00
-2.380009543589324039e+00
-1.148121545272920230e+01
-2.298295706219164458e+00
6.883070025848724072e+00
-2.310482792362051896e+00
-1.148211874092163498e+01
-2.320883175052529168e+00
6.856816357428670017e+00
-2.218419433355734327e+00
-1.128782051554810550e+01
-2.654235402622362017e+00
5.333085727613365634e+00
-2.304562436905541745e+00
-9.946263240562018382e+00
-1.955501031161190895e+00
6.655438563721190803e+00
-2.376658977319834776e+00
-1.150114101623717033e+01
-2.288386675838069095e+00
6.858395061263422576e+00
-2.309765674291668347e+00
-1.147719985577913349e+01
-2.336600192687342314e+00
6.887680659363127234e+00
-5.301898191795885396e+00
-1.117323581949597155e+01
1.998267792092747186e-01
1.251320216692931808e+00
-9.219735245037611548e+00
-6.207360515734819728e+00
3.650189478252855224e+00
-3.901991476389866875e+00
-1.173737889270370260e+01
-6.201402573362884141e-01
3.030543016504793741e+00
-9.528820122612955856e+00
-8.289978995430317354e+00
3.789717885481820758e+00
-2.144337150526496316e+00
-1.193028240470675883e+01
-2.194519916812055271e+00
3.660940084091976132e+00
-7.711288909773429623e+00
-8.750349688068013165e+00
1.706773763297462665e+00
-1.300679237466226823e+00
-1.115933509140785418e+01
-3.604697373931912807e+00
4.227871854904719839e+00
-6.888875570559548578e+00
-1.054048797309917518e+01
2.016119035130600423e+00
7.833068223866916924e-01
-1.129502965555201399e+01
-5.358959292172016831e+00
4.410872427444360255e+00
-2.104165411323378976e+00
-4.476320239608980955e+00
6.850434117097051967e+00
8.288077845764405538e-01
-4.858315457532683013e+00
5.185358164262595437e+00
3.094902882200244676e+00
-6.517443447457026195e+00
3.503592402146466611e+00
5.852434576720725090e+00
-6.125398413381503815e+00
6.769281634288972782e-01
7.454076025749202472e+00
-4.529282572502836501e+00
-2.141727047246547500e+00
7.997239569849170948e+00
-2.097214562822841799e+00
-4.485643906522113866e+00
6.853027722554543288e+00
8.318489757940596974e-01
-4.862566452973112519e+00
5.195330671013891788e+00
3.090180980334764627e+00
-6.511160893365513402e+00
3.504601314624437691e+00
5.843642984298412557e+00
-6.118300162155378530e+00
6.635797427649094971e-01
7.459324136673274097e+00
-4.532185470097999769e+00
-2.144712119353584967e+00
8.006557609218020843e+00
-1.321684791361008138e+00
-1.848299070362600105e-01
8.447143476774385817e+00
-1.585845197391734018e+00
1.295559584915224605e+00
7.594504693175565535e+00
-2.849099752232518767e+00
2.426296154326792021e+00
7.896117057143499096e+00
-3.787959507442110407e+00
3.654739530630081390e+00
7.098715426446801757e+00
-4.177140023796198420e+00
4.922261598690909068e+00
6.074205584936919422e+00
-4.306416803472984611e+00
6.047085051313047188e+00
4.925020040538925059e+00
-3.721514417324215174e+00
6.321823628231072689e+00
3.433307591104096446e+00
-2.864331853540477368e+00
7.584663541145630461e+00
2.302046775459757555e+00
-3.154697775090767209e+00
8.510642429738936698e+00
1.080739493351188685e+00
-2.365364895630932551e+00
8.910255541443291349e+00
-1.864910966907586953e-01
-1.346681006030280514e+00
9.039627005587703934e+00
2.656250742273073229e+00
6.960086690828461542e+00
1.106989502123872171e+01
1.730533857583452573e+00
1.056734952477467004e+01
6.845486237913007699e+00
3.092295651008157620e+00
1.294038973822580374e+01
2.650527654821132728e+00
7.044836193098262811e+00
1.128443927038131278e+01
8.987143733221500952e-01
1.129495771323450981e+01
7.017562912367736772e+00
2.659082412841655696e+00
1.306323940756874435e+01
2.715092142651997165e+00
6.887833428091084897e+00
1.109796169264154742e+01
1.740514093468959800e+00
1.054040817340370495e+01
6.909070434891930290e+00
3.061885664665453533e+00
1.296753993032166363e+01
2.675451670279130667e+00
6.959418506099382284e+00
1.135888964397270229e+01
7.956157497143294677e-01
1.132989527952707931e+01
7.007149428094464838e+00
2.627101022816191289e+00
1.313959596063580193e+01
-1.418042948029517447e+01
-7.520895653683624005e+00
-8.410632666560900361e+00
-1.301482946722074985e+01
-4.991850811672577493e+00
-1.406161121489645893e+01
-6.563686974951792763e+00
-9.586661040340459294e+00
-1.266946363613925541e+01
-4.329825023423154562e+00
-1.507744539938505568e+01
-5.551827742511591168e+00
-1.064646080327514710e+01
-1.167909892726680710e+01
-4.877473948134081638e+00
-1.519933051572161276e+01
-4.866567826012101250e+00
-1.159736591866715116e+01
-1.068147126820622361e+01
-6.057273656783650040e+00
-1.411181134052407060e+01
-5.021177595627648316e+00
-1.253689419292976481e+01
-9.491764134712639134e+00
-6.436421913436220166e+00
-1.475698020562799684e+01
-4.019026677029273742e+00
-1.354834937355315105e+01
-8.443823848668728260e+00
-7.402445758738565473e+00
-1.420253963506127093e+01
-3.925172689120131508e+00
-1.298246427539936576e+01
-4.772539187629377011e+00
-1.003321485555386516e+01
-8.304529543643127454e+00
-6.630105848974437777e+00
-1.141192051345939262e+01
-3.821789616385444788e+00
-1.331048924028391411e+01
-3.569966405341176596e+00
-1.190060380268300833e+01
-6.304586183997912485e+00
-8.263967750090955633e+00
-1.023607739717448339e+01
-4.669048022071422110e+00
-1.299011236521431556e+01
-3.121200539046640188e+00
-1.298287220598365366e+01
-4.763666144275362058e+00
-1.003308028018363984e+01
-8.326002288794256856e+00
-6.612439906902579878e+00
-1.143137610827301387e+01
-3.816901525471337209e+00
-1.330559039757804385e+01
-3.576094730616546258e+00
-1.188528865120338196e+01
-6.325934144933512471e+00
-8.215320964701618323e+00
-1.027691476556861971e+01
-4.614121743576276913e+00
-1.303028498087894604e+01
-3.114968581161861039e+00
-1.351927054804150430e+00
7.646926135998796781e+00
-4.070427576683641746e-01
6.211959007911957542e+00
1.112140584650603614e+00
4.910751763805762948e+00
2.405878157380925586e+00
3.335098188800202479e+00
4.234025794599517667e+00
1.444914389911673425e+00
5.997699470241400377e+00
-9.286247048737550358e-02
7.269157869036973807e+00
-1.105415928559580152e+00
7.973725099351270273e+00
-1.428335820048687310e+00
7.935737524675573695e+00
-1.008493767130516972e+00
7.005787283760582795e+00
4.028626927075720232e-01
5.507298456727369285e+00
1.688739310860057685e+00
4.220184390569841071e+00
3.263777120690292577e+00
2.384338796544966499e+00
5.164413467911572297e+00
6.413794561834720298e-01
6.696151731518170891e+00
-6.526890816290347175e-01
7.705359104946012394e+00
-1.378138468942211148e+00
8.076946373704799953e+00
1.111256817373748618e+01
2.052535514168346253e+01
1.136846452311294797e+01
1.988578615338980171e+01
1.196034156612671495e+01
1.984618201258302861e+01
1.146428942183104027e+01
2.039541317512748719e+01
1.121072406548745448e+01
2.048152890470078091e+01
1.113467459895798584e+01
2.048314183000286448e+01
1.117221259043941473e+01
2.047412608573171156e+01
1.117275777675246218e+01
2.043383847560244249e+01
1.122315171236289189e+01
2.039407847921972916e+01
1.148757472826764570e+01
1.979848132892323065e+01
1.198092064864300710e+01
1.988117490992323155e+01
1.139408705379929643e+01
2.044206588982365247e+01
1.118553542804204426e+01
2.048455091218761481e+01
1.117272835828623556e+01
2.043224299236010211e+01
1.119830857023993076e+01
2.048423383995924496e+01
1.113448012178434965e+01
2.052124024257102519e+01
2.201638342033707119e+01
3.353151674799111959e+01
4.270567913370539515e+01
4.942805702923691769e+01
5.478169644459364207e+01
5.991926426737302336e+01
6.503591210560102809e+01
6.853708813856658821e+01
6.931763960079793208e+01
6.696270131835559880e+01
6.147820598548533866e+01
5.346423399678251798e+01
4.313233077581782737e+01
3.119429767613933180e+01
1.824907489451305764e+01
4.823947081556434924e+00
-7.978466776685217532e+00
-1.956182780537449872e+01
-2.870892563893713856e+01
-3.541808783530375848e+01
-4.080255334439237203e+01
-4.590684468393661888e+01
-5.103877635447068428e+01
-5.450940069403658583e+01
-5.534972628294278252e+01
-5.295913421460709714e+01
-4.747171832250612766e+01
-3.946584200352207716e+01
-2.912299430046025961e+01
-1.721150601759200427e+01
-4.260471271395438464e+00
9.142877468800769236e+00
-2.694718537274908599e+01
-1.692353798622326266e+01
-1.145899498410463835e+01
-1.078385959579649445e+01
-1.338721916211327212e+01
-1.869975111945401736e+01
-2.716588786722989823e+01
-3.898410804316391420e+01
-5.201311326718300165e+01
-6.363797932753093534e+01
-7.169853143356731096e+01
-7.460853376028244099e+01
-7.217783926517186899e+01
-6.451662477260160244e+01
-5.314284859720107335e+01
-3.983923201498230782e+01
-2.692288296214038823e+01
-1.693485494629365817e+01
-1.143434384206182131e+01
-1.080965396410004509e+01
-1.338182620863281436e+01
-1.871726770866743195e+01
-2.718100476784675479e+01
-3.898907441240873339e+01
-5.202192169290313473e+01
-6.360129570383063680e+01
-7.170777094594798484e+01
-7.456534048623039723e+01
-7.219651914474418675e+01
-6.448469839866757525e+01
-5.316039895018139561e+01
-3.983155477358964447e+01
2.121818034397631436e+01
2.918354379713591129e+01
2.957632684091745290e+01
2.341278225376638389e+01
1.391374888851540170e+01
3.302295299486968538e+00
-6.005074163396633580e+00
-1.048562450275219504e+01
-7.046332186572482392e+00
3.377635646995828633e+00
1.727506524560473977e+01
2.961347466446073895e+01
3.633493596121751068e+01
3.494620291058511441e+01
2.607679911776354587e+01
1.288604261162046782e+01
-2.273075713813735022e-01
-8.143949200893514373e+00
-8.519893438808725961e+00
-2.419551259060471970e+00
7.164450155314597168e+00
1.771983701574203351e+01
2.705503241147801319e+01
3.151510850592623569e+01
2.806461581141703832e+01
1.770153323302598025e+01
3.764356326986375567e+00
-8.567521665897531946e+00
-1.529425671623468830e+01
-1.392850627502224903e+01
-5.046154281375355488e+00
8.203781853527368995e+00
1.900104067531492902e+01
2.396695391774790096e+01
1.853840908674983368e+01
7.665456981576683759e+00
-2.302885267219415777e+00
-6.775345391467227252e+00
-2.908483546556428045e+00
8.406929185518665193e+00
2.059994759740759207e+01
2.579911083404259742e+01
2.017588880866969703e+01
7.112470154974918302e+00
-6.033333293014523591e+00
-1.155964715510898877e+01
-6.311559710184654115e+00
6.358300565988273867e+00
1.907163316321877389e+01
2.387739532320759750e+01
1.857595277488971774e+01
7.685201002940145187e+00
-2.342638183693493303e+00
-6.695927145901067412e+00
-2.948984403320601633e+00
8.436781667105044846e+00
2.063313354819412382e+01
2.569134237947951505e+01
2.028453000282310015e+01
6.961394772121749952e+00
-5.959230778209114732e+00
-1.161027892796185945e+01
-6.322533781024619159e+00
6.437373760880851670e+00
2.177024309577194927e+01
2.302660221149357866e+01
1.316383034915345895e+01
2.093922491908223549e+00
-8.443665617848173932e-01
5.931695166288374566e+00
1.754111767572582892e+01
2.377053631387319044e+01
1.749730056725337235e+01
3.907932351730487142e+00
-4.751369453325011705e+00
-7.474519956594032344e-01
1.260741648879970533e+01
2.337125060807436938e+01
2.201423514248962832e+01
9.922791665905645431e+00
-2.208351966490978757e+00
-3.444237890513710099e+00
6.434954614138475470e+00
1.746031751846561875e+01
2.044895351354391266e+01
1.365043450907266731e+01
2.036075062733101682e+00
-4.186090726833159970e+00
2.075568616364038999e+00
1.569395087417543166e+01
2.433848090938307962e+01
2.033188136813506119e+01
6.975137523251050631e+00
-3.793765834777103496e+00
-2.431545038623804444e+00
9.689071250092590404e+00
1.120748688784403058e+01
8.659353547541989826e+00
-3.556147850608927907e+00
-9.866260817556160134e+00
-3.618325193508999948e+00
7.187774235729047057e+00
9.662478756472255625e+00
-5.919889135248657119e-01
-1.151282384652950874e+01
-8.849439595869997177e+00
4.571825161308216146e+00
1.214872950130928864e+01
4.621770601312531035e+00
-8.761550824158033990e+00
-1.137345075131036687e+01
6.534087779223880625e-05
1.117509881666212301e+01
8.711368466334207028e+00
-3.577316647059629595e+00
-9.862891655597520568e+00
-3.617527107667416253e+00
7.156782198700053499e+00
9.666471673906389839e+00
-6.059557705064957389e-01
-1.152582975417412570e+01
-8.805006221044173742e+00
4.548176003643686904e+00
1.220265978259336137e+01
4.610064852900709553e+00
-8.752787582136964062e+00
-1.135966886487849337e+01
-4.386564759722138412e-02
1.037696852031631778e+01
4.296591316360331092e+00
-7.502071588715184980e+00
-6.223488190406376575e+00
4.611803830896850975e+00
7.871864331454158759e+00
-2.238874283399433729e+00
-1.014424600151981259e+01
-1.865387224871892791e+00
9.762311633465891703e+00
5.900009117428623107e+00
-7.351378448725479409e+00
-8.714822208218068411e+00
4.077515630372021249e+00
1.036149915339822059e+01
1.537923536414875433e-02
-1.021845331075143370e+01
-4.137054730959361493e+00
7.657996085976312983e+00
6.386164740540372087e+00
-4.458335857864541119e+00
-7.713397630854467835e+00
2.399243778833473062e+00
1.030304640240377800e+01
2.028565511621104989e+00
-9.609493331602903865e+00
-5.741689508077888249e+00
7.510270424356274788e+00
8.872772446746290953e+00
-3.916916472651636560e+00
-1.020739831788624663e+01
1.398816214167043492e-01
1.047923972795428504e+01
1.514604469675119081e+00
-7.072187847421499640e+00
1.045142845597092585e+00
8.577719708642597141e+00
1.050530273856011831e+00
-7.072314806416225785e+00
1.506732329455632291e+00
1.048915342666586525e+01
1.301535242352418464e+00
-7.877760657791392340e+00
1.299505055466289027e+00
1.051842740221123407e+01
1.305541352215112250e+00
-7.888452560069738162e+00
1.315287297127848420e+00
1.047382847451883059e+01
1.521738809440771556e+00
-7.077535672858092930e+00
1.048450743168555466e+00
8.575141589232346817e+00
1.053246111899951876e+00
-7.076955887432485603e+00
1.512010916005667616e+00
1.048166941680898923e+01
1.312011271188382677e+00
-7.886411929882863880e+00
1.306820813511414991e+00
1.051565091885414027e+01
1.307288698897540291e+00
-7.886951681595406605e+00
1.310712492919726690e+00
6.989264187264146777e+00
-3.901764439084604241e+00
-7.385853979727758478e+00
3.721269126249873604e+00
2.643482037515231031e+00
-7.431156244502748365e+00
-2.225456124823119275e+00
6.969941987007378437e+00
-2.632459269961555215e+00
-8.531947117407376879e+00
3.535509025593624788e+00
4.781842024791733259e+00
-7.797762703423616770e+00
-4.128699977192423987e+00
7.022871763585975202e+00
-1.021483803665264256e+00
-8.985936414910034031e+00
1.898102868266933640e+00
5.374458147589441737e+00
-5.715306475500946171e+00
-4.658050097716796678e+00
5.424939004794998354e+00
2.206688732955019994e-01
-8.973840557882214242e+00
6.336733526047968468e-01
6.515745693441818531e+00
-5.540477987781832425e+00
-6.789765376923316609e+00
5.792486513355521893e+00
2.129979835452259884e+00
-9.028131592828787078e+00
-9.959603099343196098e-01
8.482352669598700601e+00
-3.315386034401856641e+00
-1.067290542600495273e+00
7.938293095644793240e+00
-5.900037489420989489e-01
-2.607966872886262166e+00
8.027872158087143717e+00
1.599363638607258720e+00
-5.057941133391124389e+00
6.885649695161636608e+00
4.514559137200056860e+00
-5.659936438629022959e+00
4.507456638458267051e+00
6.904215721734517253e+00
-5.103882134707704132e+00
1.692678955350050307e+00
8.481474638598616167e+00
-3.311851532826005862e+00
-1.069413780296752492e+00
7.940690587683153723e+00
-5.918204741316389628e-01
-2.609538027680630812e+00
8.027638497388160488e+00
1.598084600279426448e+00
-5.057133765477200171e+00
6.885393910238765791e+00
4.516625827679034089e+00
-5.658273529159032478e+00
4.507593960466282468e+00
6.904840452557674091e+00
-5.104736182218326590e+00
1.691741063860392691e+00
4.345082093845522131e+00
-7.223972479204376462e+00
-1.549137147673042003e-01
2.912664257542856294e+00
-6.599771441501551372e+00
1.088631352819778408e+00
2.095812077224643133e+00
-7.751058615068255442e+00
2.510934700382340790e+00
1.321343524218333343e+00
-7.773872920837646916e+00
3.519494211140707041e+00
8.668067824758401985e-02
-7.408815665379912652e+00
4.352319226669817631e+00
-1.199432036841012517e+00
-6.784427080254519460e+00
4.795884813400235203e+00
-2.280150265968928114e+00
-5.348644668660778478e+00
4.167515527678902210e+00
-3.520766000853952526e+00
-4.529077910386220651e+00
5.314011838302123536e+00
-4.940152908226588480e+00
-3.760238386333298433e+00
5.340997121130728331e+00
-5.952034547807445009e+00
-2.520502462436540192e+00
4.973609509697312525e+00
-6.787819652406080095e+00
-1.228824194281824989e+00
1.653499758055720026e+00
-8.638080880763334690e+00
1.239475749091805357e+00
-2.577205132230138140e+00
-6.249663829886689115e+00
2.582401018253144720e+00
-6.776161440738369457e+00
-2.627461289276071810e+00
1.636927977055559813e+00
-8.806641807466736083e+00
1.676400758914626365e+00
-2.693514139986588507e+00
-6.995781294902722713e+00
3.460104184824191353e+00
-7.015456730429709964e+00
-2.701207286618587666e+00
1.651608169936106485e+00
-8.641256466810778747e+00
1.234988266132141632e+00
-2.578157004094959959e+00
-6.242507355944251657e+00
2.583628766921607589e+00
-6.768441075566787646e+00
-2.622865975528116955e+00
1.631766168471874945e+00
-8.798910144995454985e+00
1.647407650100998877e+00
-2.683284243975294192e+00
-7.015419953210962234e+00
3.470608687986044938e+00
-7.021819675809252814e+00
-2.689534688996997769e+00
1.515564268203093423e+00
-6.691181164540179971e+00
3.507518725126550496e+00
-4.980573604229125095e+00
-7.016424790519507626e-01
2.092557566411892001e-01
-5.912994490461311869e+00
3.871766064637001126e+00
-6.237962930520355442e+00
5.557795581840063726e-01
-5.005291833094366316e-01
-5.607356945953160476e+00
3.940891092516329408e+00
-6.803742163501782514e+00
1.513146433161707272e+00
-1.584677008651914631e+00
-4.721914394516478097e+00
3.489912370326159863e+00
-6.706579113976746775e+00
1.767066190288800520e+00
-2.500266283013359292e+00
-3.407144674302397203e+00
2.703957753914215001e+00
-7.074892400016263849e+00
3.036278327330775628e+00
-3.764053328536625109e+00
-2.704033476668738611e+00
2.409493495835160815e+00
-7.145448411138622724e+00
3.598294216076548313e+00
-4.716263232548830509e+00
-1.614901792537421610e+00
7.496683568411983245e+00
1.863302466901252119e+00
1.001718823790120361e+01
1.047710443884451781e+00
9.474742272807556986e+00
2.300544929174842324e+00
7.450823242880397324e+00
5.455144620270853117e+00
3.516193086951100888e+00
9.214171264176579612e+00
7.075119565783954956e-01
1.070315190250298265e+01
7.159616361684103536e-01
9.161817111371647115e+00
3.572312023856528906e+00
5.466985668265809117e+00
7.525983299036496099e+00
1.844405053964083718e+00
1.002490348668960962e+01
1.048487539022708637e+00
9.468693047904142901e+00
2.295013069758286672e+00
7.460530657767269425e+00
5.429475484523619500e+00
3.560223736511418657e+00
9.167440708868385357e+00
7.427629732222897907e-01
1.069306903600991454e+01
7.008831457916547825e-01
9.197483610728378167e+00
3.534115643161106046e+00
5.509170681856606855e+00
-1.506493903493302700e+00
-4.412932385134122448e+00
8.936547182873537387e-02
-5.442480332266329768e+00
8.137405303541044299e-01
-6.297661385829919745e+00
1.895711671081072414e+00
-7.153948529634799769e+00
2.126440249034672547e+00
-6.867679861850533030e+00
1.445478748337019503e+00
-5.850459728019059114e+00
1.614153974276302528e-01
-4.316851339196060344e+00
-1.586433178773709818e+00
-2.452028263994433743e+00
-3.444565545404598250e+00
-6.131195575893604310e-01
-5.025998877169747026e+00
4.261259965329406985e-01
-5.762785599204570453e+00
1.333116608326638142e+00
-6.890284342047420019e+00
2.189563524945758122e+00
-7.139392726796470967e+00
1.934402889885380450e+00
-6.457612693581157970e+00
8.930549992448130192e-01
-5.151949410566531107e+00
-6.537064775701860730e-01
-3.375556999796154312e+00
-2.529550990233502716e+00
